# robot.pose.x robot.pose.y robot.pose.theta 
2.47288 0.40037 3.14159 
2.47288 0.40037 3.14159 
2.47288 0.40037 3.14159 
2.47288 0.40037 3.14159 
2.47288 0.40037 3.14159 
2.47288 0.40037 3.14159 
2.47288 0.40037 3.14159 
2.47288 0.40037 3.14159 
2.47288 0.40037 3.14159 
2.47288 0.40037 3.14159 
2.47288 0.40037 3.14159 
2.47288 0.40037 3.14159 
2.47288 0.40037 3.14159 
2.47288 0.40037 3.14159 
2.47288 0.40037 3.14159 
2.47288 0.40037 3.14159 
2.47288 0.40037 3.14159 
2.47288 0.40037 3.14159 
2.47288 0.40037 3.14159 
2.47288 0.40037 3.14159 
2.47288 0.40037 3.14159 
2.47288 0.40037 3.14159 
2.47288 0.40037 3.14159 
2.47288 0.40037 3.14159 
2.47288 0.40037 3.14159 
2.47288 0.40037 3.14159 
2.47288 0.40037 3.14159 
2.47288 0.40037 3.14159 
2.47288 0.40037 3.14159 
2.47288 0.40037 3.14159 
2.47288 0.40037 3.14159 
2.47288 0.40037 3.14159 
2.47288 0.40037 3.14159 
2.47288 0.40037 3.14159 
2.47288 0.40037 3.14159 
2.47288 0.40037 3.14159 
2.47288 0.40037 3.14159 
2.47288 0.40037 3.14159 
2.47288 0.40037 3.14159 
2.47288 0.40037 3.14159 
2.47288 0.40037 3.14159 
2.47288 0.40037 3.14159 
2.47288 0.40037 3.14159 
2.47288 0.40037 3.14159 
2.47288 0.40037 3.14159 
2.47288 0.40037 3.14159 
2.47288 0.40037 3.14159 
2.47288 0.40037 3.14159 
2.47288 0.40037 3.14159 
2.47288 0.40037 3.14159 
2.47288 0.40037 3.14159 
2.47288 0.40037 3.14159 
2.47288 0.40037 3.14159 
2.47288 0.40037 3.14159 
2.47288 0.40037 3.14159 
2.47288 0.40037 3.14159 
2.47288 0.40037 3.14159 
2.47288 0.40037 3.14159 
2.47288 0.40037 3.14159 
2.47288 0.40037 3.14159 
2.47288 0.40037 3.14159 
2.47288 0.40037 3.14159 
2.47288 0.40037 3.14159 
2.47288 0.40037 3.14159 
2.47288 0.40037 3.14159 
2.47288 0.40037 3.14159 
2.47288 0.40037 3.14159 
2.47288 0.40037 3.14159 
2.47288 0.40037 3.14159 
2.47288 0.40037 3.14159 
2.47288 0.40037 3.14159 
2.47288 0.40037 3.14159 
2.47288 0.40037 3.14159 
2.47288 0.40037 3.14159 
2.47288 0.40037 3.14159 
2.47288 0.40037 3.14159 
2.47288 0.40037 3.14159 
2.47288 0.40037 3.14159 
2.47288 0.40037 3.14159 
2.47288 0.40037 3.14159 
2.47288 0.40037 3.14159 
2.47288 0.40037 3.14159 
2.47288 0.40037 3.14159 
2.47288 0.40037 3.14159 
2.47288 0.40037 3.14159 
2.47288 0.40037 3.14159 
2.47288 0.40037 3.14159 
2.47288 0.40037 3.14159 
2.47288 0.40037 3.14159 
2.47288 0.40037 3.14159 
2.47288 0.40037 3.14159 
2.47288 0.40037 3.14159 
2.47166 0.40037 -3.14124 
2.46381 0.400375 3.14 
2.45187 0.400389 3.14089 
2.43555 0.400399 3.14107 
2.4183 0.400401 -3.1414 
2.39664 0.400416 3.14006 
2.37331 0.400433 -3.14154 
2.35017 0.40044 3.14094 
2.32767 0.400467 3.13986 
2.30412 0.400503 3.14022 
2.27993 0.40055 3.13914 
2.25713 0.400617 3.13811 
2.23382 0.400713 3.13688 
2.20954 0.400846 3.13529 
2.18617 0.401004 3.1344 
2.16205 0.40118 3.13422 
2.13794 0.401351 3.13475 
2.11363 0.401509 3.13547 
2.08976 0.401653 3.13564 
2.06399 0.401811 3.13528 
2.03792 0.401975 3.13528 
2.01123 0.402148 3.13493 
1.984 0.40233 3.13493 
1.95655 0.402515 3.13475 
1.92923 0.402702 3.13475 
1.90187 0.402886 3.13493 
1.87419 0.403071 3.13493 
1.84875 0.403274 3.13228 
1.82046 0.403532 3.13264 
1.79287 0.40377 3.13335 
1.7671 0.404002 3.13182 
1.73987 0.404275 3.13128 
1.71199 0.404565 3.13111 
1.68444 0.404866 3.13022 
1.65679 0.405171 3.13093 
1.62989 0.40546 3.13075 
1.602 0.405767 3.1304 
1.57399 0.406083 3.13022 
1.54723 0.406385 3.13039 
1.52067 0.406615 3.13554 
1.49252 0.406672 -3.13965 
1.46495 0.406516 -3.13219 
1.43754 0.406142 -3.12372 
1.40969 0.405516 -3.11449 
1.382 0.40476 -3.11413 
1.32783 0.40337 -3.11678 
1.29951 0.40265 -3.11554 
1.27252 0.401959 -3.11642 
1.24525 0.401275 -3.1166 
1.21719 0.400573 -3.1166 
1.18988 0.3999 -3.11731 
1.135 0.398567 -3.11767 
1.10789 0.397916 -3.11749 
1.08043 0.397249 -3.11713 
1.08043 0.397249 -3.11713 
1.0251 0.396572 -3.13971 
0.999136 0.396467 -3.13539 
0.971946 0.39628 -3.13398 
0.944258 0.396098 -3.1361 
0.917022 0.395941 -3.13557 
0.890116 0.395772 -3.13504 
0.835384 0.395392 -3.13451 
0.780418 0.394963 -3.13274 
0.725011 0.394483 -3.13309 
0.668273 0.39397 -3.13238 
0.605589 0.393412 -3.13256 
0.496766 0.392623 -3.13488 
0.418909 0.3921 -3.13488 
0.379877 0.391828 -3.13434 
0.260943 0.390973 -3.134 
0.181959 0.390436 -3.13578 
0.102338 0.389941 -3.1356 
-0.0186276 0.38925 -3.1363 
-0.140619 0.388579 -3.13541 
-0.220604 0.388152 -3.13701 
-0.381837 0.387276 -3.13643 
-0.503663 0.386653 -3.13678 
-0.665438 0.385773 -3.13641 
-0.786501 0.385257 -3.13801 
-0.906834 0.384832 -3.13764 
-0.986916 0.384502 -3.13694 
-1.06813 0.384186 -3.13819 
-1.18955 0.383669 -3.13625 
-1.3119 0.383105 -3.13677 
-1.47324 0.382255 -3.13676 
-1.63447 0.381544 -3.13695 
-1.71508 0.381194 -3.13748 
-1.83598 0.380707 -3.1373 
-1.95644 0.38018 -3.13677 
-2.03481 0.379749 -3.13587 
-2.18611 0.378662 -3.13409 
-2.2233 0.378383 -3.13409 
-2.36407 0.377405 -3.13391 
-2.45772 0.376658 -3.13321 
-2.51585 0.37615 -3.1325 
-2.54407 0.375891 -3.13232 
-2.59889 0.375415 -3.13321 
-2.67574 0.374757 -3.13286 
-2.72354 0.374327 -3.13215 
-2.74757 0.374096 -3.13179 
-2.78634 0.373755 -3.13498 
-2.79311 0.373705 -3.13355 
-2.79301 0.373707 3.13779 
-2.79342 0.373712 3.07827 
-2.79347 0.37372 2.99759 
-2.79367 0.373752 2.93452 
-2.79367 0.37375 2.81231 
-2.79344 0.373663 2.72526 
-2.7933 0.373583 2.59434 
-2.79344 0.373661 2.50438 
-2.7932 0.373467 2.36837 
-2.79317 0.37342 2.23005 
-3.1787 0.687228 2.26537 
-3.1276 0.738907 2.102 
-3.11964 0.763405 2.05218 
-3.09933 0.756403 1.99545 
-3.10051 0.755737 1.99488 
-3.09767 0.768558 1.94168 
-3.07074 0.790038 1.89415 
-3.06168 0.755957 1.83162 
-3.0238 0.79213 1.79172 
-3.02627 0.806789 1.79252 
-3.02596 0.770117 1.72602 
-3.01479 0.772075 1.67148 
-2.98888 0.77897 1.62516 
-2.985 0.774426 1.5846 
-2.97252 0.804193 1.59403 
-2.97265 0.803378 1.59378 
-2.98805 0.78786 1.59216 
-2.97482 0.798873 1.59262 
-2.97677 0.799617 1.58963 
-2.98905 0.816726 1.58772 
-2.99474 0.810533 1.58185 
-2.99539 0.808848 1.58151 
-2.98376 0.841625 1.58777 
-2.99403 0.837965 1.5797 
-2.98886 0.85909 1.5807 
-3.00002 0.881926 1.59866 
-2.9852 0.948653 1.63742 
-2.99353 0.936487 1.62969 
-2.99336 0.936483 1.62973 
-2.98441 0.984566 1.6334 
-3.00338 0.962918 1.62441 
-3.00422 0.953881 1.6171 
-3.0022 1.00472 1.62206 
-3.00031 1.02472 1.61722 
-3.00039 1.0249 1.61725 
-2.9977 1.04079 1.6159 
-2.99217 1.1008 1.62308 
-3.00951 1.10057 1.61246 
-3.00103 1.16252 1.61958 
-2.99341 1.23652 1.62853 
-3.00133 1.25494 1.61952 
-3.00132 1.2548 1.61949 
-2.99834 1.32456 1.62773 
-3.01403 1.32193 1.61563 
-3.01257 1.3775 1.61877 
-3.0091 1.44007 1.625 
-3.01521 1.46833 1.61946 
-3.01527 1.46833 1.61946 
-3.01794 1.52526 1.62279 
-3.0113 1.577 1.62425 
-3.02259 1.64165 1.62622 
-3.02951 1.64256 1.61681 
-3.01875 1.71606 1.62528 
-3.02608 1.77679 1.62649 
-3.025 1.77854 1.62685 
-3.03061 1.8104 1.62505 
-3.02911 1.87712 1.62969 
-3.03353 1.89623 1.62523 
-3.03711 1.94375 1.62522 
-3.04258 1.98788 1.62436 
-3.04249 1.98798 1.62437 
-3.05202 2.001 1.61705 
-3.04703 2.06612 1.62152 
-3.0476 2.10938 1.61884 
-3.04606 2.17758 1.62609 
-3.05093 2.19802 1.62234 
-3.05409 2.25933 1.62398 
-3.05368 2.26198 1.62451 
-3.05363 2.32116 1.62738 
-3.05537 2.3522 1.6266 
-3.06037 2.38488 1.62218 
-3.06435 2.41197 1.61844 
-3.06864 2.46486 1.62056 
-3.06862 2.46491 1.62055 
-3.06709 2.52963 1.62353 
-3.07485 2.55314 1.61854 
-3.08383 2.59429 1.61805 
-3.08781 2.64192 1.61922 
-3.0758 2.71121 1.6246 
-3.08889 2.73675 1.61874 
-3.08896 2.73655 1.61871 
-3.08269 2.79259 1.62401 
-3.09971 2.82964 1.61986 
-3.09547 2.89028 1.6243 
-3.10754 2.92368 1.61997 
-3.12344 2.95111 1.61534 
-3.12331 2.95125 1.61538 
-3.12769 3.00362 1.61534 
-3.10091 3.08018 1.62683 
-3.09809 3.13264 1.62878 
-3.12705 3.14299 1.61688 
-3.13404 3.17384 1.61218 
-3.10431 3.26684 1.62743 
-3.10442 3.26657 1.62738 
-3.10478 3.31036 1.62819 
-3.12815 3.30378 1.61771 
-3.12065 3.34725 1.61836 
-3.14175 3.344 1.61055 
-3.12892 3.38045 1.6176 
-3.129 3.38032 1.61757 
-3.12564 3.39994 1.63218 
-3.14451 3.40009 1.66929 
-3.1653 3.39667 1.73184 
-3.19151 3.39798 1.80792 
-3.20677 3.41046 1.89136 
-3.25236 3.37569 1.95306 
-3.25289 3.37433 1.95267 
-3.26837 3.36547 2.0277 
-3.27738 3.36707 2.10835 
-3.30707 3.34589 2.17427 
-3.30554 3.34859 2.2577 
-3.35498 3.29668 2.3147 
-3.38477 3.27939 2.38586 
-3.40043 3.26429 2.38064 
-3.38187 3.27761 2.46353 
-3.37601 3.27076 2.54341 
-3.43422 3.21964 2.60056 
-3.46238 3.18051 2.66507 
-3.49544 3.1505 2.7342 
-3.50423 3.14021 2.73136 
-3.47452 3.15898 2.81635 
-3.48673 3.11659 2.8829 
-3.43297 3.08298 2.9545 
-3.46674 3.07505 3.02236 
-3.47315 3.0517 3.09293 
-3.47276 3.04263 3.09422 
-3.46195 3.05298 -3.12839 
-3.45136 3.01369 3.1408 
-3.4438 3.07143 -3.12357 
-3.45178 3.05368 -3.12897 
-3.45533 3.0194 3.14088 
-3.4543 3.04878 -3.13337 
-3.45381 3.04848 -3.13359 
-3.45224 3.04709 -3.13268 
-3.45307 3.01487 -3.13693 
-3.45772 3.03646 -3.09984 
-3.43883 3.04122 -3.10201 
-3.45104 3.03811 -3.11033 
-3.44817 3.03638 -3.11115 
-3.44417 2.99829 -3.11882 
-3.44094 3.02039 -3.11087 
-3.44426 3.05238 -3.095 
-3.4299 3.0055 -3.11659 
-3.46289 3.01412 -3.10749 
-3.48436 3.01719 -3.10529 
-3.48416 3.0173 -3.1053 
-3.51487 3.03552 -3.09473 
-3.55785 3.00068 -3.10773 
-3.5853 3.02146 -3.101 
-3.62707 3.01326 -3.10467 
-3.67969 3.00998 -3.10776 
-3.68031 3.00962 -3.10847 
-3.7335 2.97709 -3.11539 
-3.78818 3.01753 -3.09942 
-3.84761 3.00695 -3.10328 
-3.90677 3.01993 -3.0981 
-3.96733 2.97818 -3.11362 
-3.96621 2.98289 -3.11368 
-4.02251 3.01928 -3.09622 
-4.09321 2.99471 -3.10414 
-4.14895 2.98619 -3.10609 
-4.19764 3.01083 -3.09885 
-4.26387 3.00451 -3.10018 
-4.32221 3.01341 -3.09181 
-4.31895 3.01386 -3.09196 
-4.38255 2.99908 -3.09551 
-4.44293 2.97543 -3.10466 
-4.50935 2.96758 -3.10569 
-4.56477 2.99135 -3.09365 
-4.62017 2.98392 -3.09594 
-4.6194 2.98411 -3.09589 
-4.68291 2.98191 -3.09794 
-4.72728 3.01101 -3.0844 
-4.81935 2.97655 -3.09889 
-4.82145 3.02376 -3.07597 
-4.90871 2.98332 -3.09007 
-4.97774 2.9329 -3.10832 
-4.98234 2.94017 -3.10561 
-5.03431 3.00728 -3.08649 
-5.08517 2.97152 -3.08929 
-5.16318 2.93977 -3.10205 
-5.22058 2.9535 -3.09588 
-5.26475 2.95934 -3.09293 
-5.3417 2.93963 -3.1025 
-5.34174 2.9398 -3.1025 
-5.3764 2.93448 -3.09558 
-5.4561 2.95184 -3.09124 
-5.50512 2.93066 -3.09483 
-5.57213 2.9372 -3.09417 
-5.6274 2.94592 -3.08498 
-5.62372 2.94698 -3.08475 
-5.67867 2.93543 -3.09017 
-5.75279 2.92424 -3.09593 
-5.81127 2.92183 -3.09529 
-5.86954 2.92099 -3.09305 
-5.92824 2.9216 -3.09354 
-5.99197 2.92915 -3.08924 
-5.99209 2.92947 -3.08907 
-6.05034 2.91044 -3.09527 
-6.10547 2.92366 -3.08714 
-6.16485 2.9209 -3.08804 
-6.22162 2.90226 -3.09269 
-6.28465 2.93544 -3.08249 
-6.28127 2.93369 -3.08258 
-6.33795 2.93301 -3.07752 
-6.41507 2.92294 -3.08254 
-6.46568 2.8915 -3.09121 
-6.50503 2.89269 -3.08356 
-6.5746 2.89814 -3.08431 
-6.62801 2.88074 -3.08843 
-6.62788 2.87914 -3.0892 
-6.70178 2.88309 -3.08784 
-6.75119 2.88772 -3.08264 
-6.81959 2.87852 -3.08343 
-6.86664 2.87511 -3.08324 
-6.93684 2.86358 -3.08983 
-6.9387 2.8606 -3.09191 
-6.98678 2.86433 -3.09018 
-7.04909 2.86764 -3.0828 
-7.10333 2.8735 -3.08022 
-7.16866 2.87535 -3.07971 
-7.22284 2.86137 -3.08377 
-7.29778 2.88724 -3.07133 
-7.29667 2.88361 -3.07296 
-7.35287 2.8688 -3.07684 
-7.40759 2.86015 -3.08252 
-7.46762 2.84958 -3.07962 
-7.52168 2.85417 -3.08037 
-7.58381 2.84743 -3.0827 
-7.58406 2.8471 -3.08265 
-7.64046 2.84757 -3.0775 
-7.69655 2.84643 -3.07807 
-7.73803 2.85185 -3.07365 
-7.81776 2.84489 -3.0742 
-7.87232 2.83773 -3.07318 
-7.93298 2.8414 -3.07302 
-7.93283 2.84147 -3.07296 
-8.01066 2.82245 -3.08178 
-8.03994 2.8416 -3.06669 
-8.10506 2.82434 -3.07519 
-8.15955 2.81877 -3.07559 
-8.20607 2.82136 -3.06564 
-8.27627 2.81438 -3.07216 
-8.27627 2.81452 -3.07207 
-8.34719 2.80481 -3.08118 
-8.39746 2.80418 -3.07093 
-8.42837 2.80087 -3.07099 
-8.52672 2.79158 -3.0762 
-8.57521 2.78588 -3.08692 
-8.57479 2.786 -3.0868 
-8.65606 2.79265 -3.10463 
-8.70981 2.78563 -3.09489 
-8.76489 2.77874 -3.09622 
-8.80956 2.78854 -3.09229 
-8.85426 2.7916 -3.08549 
-8.85439 2.79148 -3.08549 
-8.90085 2.79918 -3.07808 
-8.98872 2.76384 -3.0948 
-9.05073 2.76951 -3.09378 
-9.09253 2.77832 -3.08846 
-9.16371 2.75769 -3.0931 
-9.22159 2.75573 -3.09323 
-9.22168 2.75573 -3.09328 
-9.29252 2.75968 -3.09269 
-9.32546 2.76155 -3.08634 
-9.38263 2.75517 -3.08453 
-9.46757 2.74702 -3.09306 
-9.53089 2.73763 -3.09804 
-9.5309 2.73878 -3.09801 
-9.59335 2.73841 -3.09504 
-9.6568 2.73638 -3.09402 
-9.71726 2.73566 -3.09227 
-9.76994 2.73841 -3.08544 
-9.83999 2.73133 -3.09474 
-9.88591 2.73101 -3.08688 
-9.88517 2.73113 -3.08654 
-9.95507 2.72317 -3.09565 
-10.004 2.71994 -3.08066 
-10.067 2.71878 -3.08654 
-10.1177 2.71687 -3.08691 
-10.1882 2.70735 -3.09537 
-10.1875 2.70566 -3.09522 
-10.2417 2.70967 -3.0808 
-10.3056 2.70556 -3.08592 
-10.3617 2.69663 -3.09359 
-10.4215 2.69959 -3.08627 
-10.4851 2.69249 -3.09351 
-10.5488 2.69016 -3.09778 
-10.5487 2.69042 -3.09749 
-10.6067 2.68026 -3.09256 
-10.6606 2.67541 -3.08993 
-10.7124 2.67155 -3.08708 
-10.7752 2.66747 -3.08835 
-10.8338 2.66887 -3.0859 
-10.834 2.6699 -3.08574 
-10.8859 2.65946 -3.07686 
-10.9568 2.65771 -3.08952 
-11.0155 2.65625 -3.08923 
-11.0775 2.65311 -3.08502 
-11.1148 2.642 -3.08338 
-11.2147 2.64386 -3.09645 
-11.2154 2.64428 -3.09679 
-11.2592 2.63841 -3.09022 
-11.3283 2.64315 -3.08655 
-11.3666 2.637 -3.08423 
-11.4271 2.63296 -3.08443 
-11.5059 2.63147 -3.09137 
-11.5528 2.62499 -3.08519 
-11.5571 2.62362 -3.08519 
-11.6015 2.61473 -3.08169 
-11.6579 2.61017 -3.08017 
-11.7601 2.61694 -3.09701 
-11.7927 2.60988 -3.08724 
-11.8449 2.59965 -3.08342 
-11.8454 2.6008 -3.08429 
-11.8981 2.5881 -3.08016 
-11.9682 2.59052 -3.08397 
-12.016 2.5821 -3.07894 
-12.0802 2.58902 -3.08077 
-12.1228 2.5796 -3.07647 
-12.2065 2.57986 -3.08401 
-12.206 2.57918 -3.08382 
-12.2407 2.57197 -3.07753 
-12.3303 2.57843 -3.08773 
-12.3539 2.5628 -3.07184 
-12.4447 2.56466 -3.0838 
-12.4916 2.55587 -3.07645 
-12.491 2.55515 -3.07624 
-12.5338 2.55194 -3.06722 
-12.6099 2.54601 -3.07722 
-12.6682 2.5441 -3.07931 
-12.7418 2.54204 -3.08653 
-12.7895 2.53627 -3.07632 
-12.8689 2.54235 -3.08268 
-12.8688 2.54222 -3.08264 
-12.9068 2.55857 -3.08216 
-12.9644 2.53365 -3.0867 
-13.0439 2.52421 -3.08408 
-13.1095 2.52889 -3.08775 
-13.156 2.51527 -3.07762 
-13.156 2.51503 -3.07764 
-13.2058 2.52569 -3.08029 
-13.2963 2.50893 -3.08883 
-13.2798 2.53272 -3.09025 
-13.3108 2.52458 -3.07475 
-13.4197 2.51007 -3.08276 
-13.5025 2.49259 -3.08487 
-13.5179 2.49967 -3.08754 
-13.5969 2.49506 -3.09109 
-13.6028 2.49761 -3.06697 
-13.7079 2.47727 -3.05225 
-13.7614 2.47652 -3.05772 
-13.818 2.47494 -3.0628 
-13.8506 2.46479 -3.05202 
-13.8505 2.46454 -3.05189 
-13.9333 2.45467 -3.05841 
-14.0237 2.44484 -3.07346 
-14.1094 2.44431 -3.07921 
-14.1515 2.42948 -3.07583 
-14.2238 2.43095 -3.08287 
-14.2242 2.4288 -3.07792 
-14.2689 2.43218 -3.07269 
-14.3617 2.42329 -3.07865 
-14.4332 2.42984 -3.09005 
-14.4623 2.42366 -3.07207 
-14.52 2.40587 -3.06554 
-14.5238 2.40692 -3.07306 
-14.5798 2.40459 -3.07018 
-14.6193 2.41505 -3.07549 
-14.616 2.40564 -3.06196 
-14.7166 2.39679 -3.0682 
-14.7934 2.38741 -3.07295 
-14.8619 2.39901 -3.078 
-14.862 2.39914 -3.07801 
-14.9383 2.39127 -3.08299 
-14.9418 2.37387 -3.06276 
-14.9521 2.37437 -3.06529 
-15.0649 2.3855 -3.07439 
-15.1588 2.37857 -3.08111 
-15.1594 2.37865 -3.08102 
-15.1694 2.37567 -3.07142 
-15.2127 2.37034 -3.07157 
-15.3086 2.35115 -3.07268 
-15.354 2.36294 -3.07533 
-15.4328 2.35367 -3.07409 
-15.5085 2.3634 -3.07382 
-15.5019 2.355 -3.07177 
-15.5525 2.33713 -3.0742 
-15.6074 2.33692 -3.07394 
-15.6544 2.33092 -3.06886 
-15.7105 2.33478 -3.06734 
-15.7636 2.32696 -3.06556 
-15.763 2.32566 -3.06531 
-15.8302 2.33014 -3.07075 
-15.9198 2.3129 -3.05363 
-15.994 2.29307 -3.06434 
-16.0043 2.30746 -3.06891 
-16.0477 2.3064 -3.06254 
-16.0466 2.30644 -3.06248 
-15.9804 2.32376 -3.09889 
-16.1387 2.30258 -3.07995 
-16.0945 2.30982 -3.09466 
-16.0709 2.33108 -3.10596 
-16.1865 2.30627 -3.08718 
-15.9929 2.26886 -3.12862 
-16.0135 2.2686 -3.12879 
-16.2366 2.30264 -3.08618 
-16.3873 2.27795 -3.05888 
-16.1973 2.31937 -3.10148 
-16.2107 2.33035 -3.09604 
-16.4548 2.2603 -3.01653 
-16.4579 2.25984 -2.9649 
-16.4576 2.25989 -2.90475 
-16.4568 2.26013 -2.84239 
-16.4568 2.26013 -2.78147 
-16.4574 2.25986 -2.72149 
-16.4191 2.25407 -2.70234 
-16.4076 2.2382 -2.62915 
-16.4281 2.23709 -2.56321 
-16.314 2.25833 -2.54507 
-16.2944 2.23264 -2.4736 
-16.3044 2.23232 -2.40515 
-16.2465 2.23584 -2.32497 
-16.2943 2.2334 -2.26553 
-16.2341 2.23727 -2.18317 
-16.2354 2.2376 -2.18346 
-16.2296 2.23796 -2.11364 
-16.2187 2.23899 -2.04529 
-16.1566 2.24263 -1.9619 
-16.1918 2.24069 -1.89847 
-16.1683 2.24229 -1.8176 
-16.1623 2.24279 -1.82776 
-16.0437 2.25339 -1.76949 
-16.0965 2.2506 -1.68835 
-16.0768 2.2525 -1.61188 
-16.0681 2.25344 -1.53334 
-16.0098 2.25736 -1.49897 
-16.0273 2.0683 -1.48891 
-16.0074 2.07088 -1.4891 
-16.0016 2.0778 -1.49956 
-16.0158 2.0773 -1.49274 
-16.0238 2.07715 -1.48969 
-15.9907 2.14586 -1.50593 
-16.0159 2.0602 -1.4932 
-16.0132 2.07177 -1.49488 
-16.0096 2.04693 -1.49361 
-15.9792 2.01598 -1.49403 
-16.0295 1.94805 -1.46632 
-16.0495 1.83609 -1.44308 
-16.0364 1.8064 -1.43641 
-16.0386 1.76599 -1.43313 
-16.0157 1.79759 -1.43638 
-15.9703 1.70809 -1.43372 
-15.9602 1.78116 -1.45452 
-15.9938 1.61459 -1.43715 
-15.9912 1.55026 -1.4358 
-15.9827 1.51411 -1.44685 
-15.9766 1.46343 -1.45498 
-15.9709 1.41527 -1.45057 
-15.9649 1.36526 -1.45128 
-15.9589 1.31479 -1.4541 
-15.953 1.26445 -1.45709 
-15.9607 1.21959 -1.47066 
-15.9681 1.16815 -1.48501 
-15.9644 1.11795 -1.48475 
-15.9599 1.06752 -1.47911 
-15.9764 1.01575 -1.48687 
-15.9381 0.967411 -1.49715 
-15.9344 0.916457 -1.49627 
-15.9305 0.865546 -1.4934 
-15.9268 0.814997 -1.50059 
-15.9236 0.763227 -1.51983 
-15.9214 0.713785 -1.53101 
-15.9193 0.663442 -1.52679 
-15.9169 0.613874 -1.52164 
-15.9145 0.56242 -1.52344 
-15.9121 0.511891 -1.52538 
-15.9098 0.460505 -1.52626 
-15.9075 0.410025 -1.52608 
-15.9053 0.359919 -1.52679 
-15.9031 0.308955 -1.52608 
-15.9008 0.258591 -1.52678 
-15.8986 0.208534 -1.52555 
-15.8963 0.158786 -1.52432 
-15.894 0.109624 -1.52467 
-15.8917 0.0581543 -1.5259 
-15.8896 0.00982866 -1.5307 
-15.8876 -0.0412767 -1.53035 
-15.8856 -0.0908025 -1.53 
-15.8835 -0.140436 -1.5268 
-15.8812 -0.191554 -1.52627 
-15.879 -0.241856 -1.52697 
-15.8768 -0.293156 -1.53174 
-15.8748 -0.342323 -1.52893 
-15.8728 -0.389981 -1.52822 
-15.8707 -0.441367 -1.52982 
-15.8686 -0.493427 -1.53317 
-15.8664 -0.544485 -1.5217 
-15.864 -0.59541 -1.52417 
-15.8616 -0.645825 -1.524 
-15.8593 -0.69687 -1.52488 
-15.8569 -0.748578 -1.52647 
-15.8546 -0.800222 -1.52682 
-15.8524 -0.850071 -1.52682 
-15.8503 -0.900755 -1.52894 
-15.8482 -0.950833 -1.52859 
-15.846 -1.00135 -1.52753 
-15.8439 -1.0505 -1.53018 
-15.8419 -1.10135 -1.533 
-15.8401 -1.15177 -1.53388 
-15.8382 -1.20268 -1.53548 
-15.8365 -1.25277 -1.53671 
-15.8346 -1.30503 -1.53424 
-15.8328 -1.35486 -1.53548 
-15.8311 -1.40531 -1.53619 
-15.8293 -1.45787 -1.53691 
-15.8276 -1.5077 -1.53898 
-15.826 -1.55817 -1.5381 
-15.8243 -1.60942 -1.53651 
-15.8226 -1.6603 -1.53634 
-15.8208 -1.71076 -1.53616 
-15.819 -1.76264 -1.53438 
-15.8171 -1.81289 -1.53261 
-15.8152 -1.86337 -1.53314 
-15.8136 -1.91415 -1.54849 
-15.8127 -1.96423 -1.55397 
-15.8103 -2.06499 -1.54145 
-15.8075 -2.16809 -1.54605 
-15.8063 -2.21878 -1.54499 
-15.8049 -2.26892 -1.54286 
-15.8034 -2.32027 -1.5381 
-15.8017 -2.37035 -1.53898 
-15.8 -2.42213 -1.53633 
-15.7983 -2.47309 -1.53847 
-15.7967 -2.52403 -1.54127 
-15.7952 -2.57437 -1.53791 
-15.7935 -2.6249 -1.53756 
-15.7919 -2.67622 -1.54074 
-15.7904 -2.72764 -1.54127 
-15.7888 -2.77755 -1.53968 
-15.7873 -2.82719 -1.53827 
-15.7857 -2.87737 -1.53968 
-15.784 -2.92818 -1.53792 
-15.7823 -2.97929 -1.53545 
-15.7804 -3.02864 -1.52926 
-15.7784 -3.07769 -1.53279 
-15.7765 -3.12911 -1.53456 
-15.7746 -3.18099 -1.53189 
-15.7726 -3.23161 -1.5333 
-15.7708 -3.28192 -1.53542 
-15.769 -3.33247 -1.53312 
-15.767 -3.38329 -1.53259 
-15.7651 -3.43283 -1.53242 
-15.7613 -3.5368 -1.53523 
-15.7582 -3.63495 -1.54248 
-15.7555 -3.73465 -1.5446 
-15.7527 -3.8361 -1.54213 
-15.7512 -3.88755 -1.54159 
-15.7486 -3.98814 -1.54799 
-15.7475 -4.03906 -1.54887 
-15.3378 -4.49118 -1.54594 
-15.3443 -4.58549 -1.54628 
-15.37 -4.64545 -1.54016 
-15.3967 -4.67987 -1.53337 
-15.3707 -4.7581 -1.54023 
-15.3769 -4.75162 -1.53262 
-15.3891 -4.80025 -1.5285 
-15.3614 -4.8794 -1.53949 
-15.3596 -4.92885 -1.53793 
-15.3687 -4.9792 -1.53408 
-15.3417 -5.0467 -1.54527 
-15.3146 -5.01514 -1.55777 
-15.3274 -5.07733 -1.54456 
-15.3526 -5.14775 -1.53031 
-15.3483 -5.2076 -1.53921 
-15.3422 -5.28703 -1.56069 
-15.3928 -5.32254 -1.52469 
-15.34 -5.38371 -1.54745 
-15.3401 -5.38502 -1.54839 
-15.3546 -5.49865 -1.5374 
-15.3712 -5.49343 -1.53788 
-15.3439 -5.56904 -1.53617 
-15.3172 -5.66267 -1.53452 
-15.2851 -5.71644 -1.54382 
-15.333 -5.79564 -1.5345 
-15.3343 -5.79501 -1.5342 
-15.2925 -5.81217 -1.54879 
-15.4121 -5.91031 -1.51804 
-15.347 -5.94375 -1.53174 
-15.4075 -6.06069 -1.50511 
-15.3491 -6.08219 -1.53494 
-15.3045 -6.06574 -1.53741 
-15.3494 -6.11967 -1.52804 
-15.326 -6.13183 -1.5339 
-15.308 -6.14602 -1.53017 
-15.3243 -6.16478 -1.53044 
-15.3216 -6.13726 -1.54513 
-15.3013 -6.13617 -1.54041 
-15.3834 -6.184 -1.51696 
-15.3565 -6.165 -1.52956 
-15.3312 -6.14504 -1.53615 
-15.3473 -6.1698 -1.53129 
-15.3951 -6.18742 -1.52177 
-15.3685 -6.16136 -1.52403 
-15.3752 -6.17359 -1.52309 
-15.3872 -6.18316 -1.52098 
-15.3343 -6.16232 -1.53367 
-15.3352 -6.14962 -1.52709 
-15.3711 -6.17403 -1.52012 
-15.3416 -6.16621 -1.52916 
-15.3941 -6.17819 -1.51374 
-15.4046 -6.17476 -1.51372 
-15.3127 -6.13595 -1.54429 
-15.3971 -6.17811 -1.5149 
-15.425 -6.18945 -1.50981 
-15.3849 -6.18327 -1.5224 
-15.4494 -6.19371 -1.50233 
-15.4567 -6.19845 -1.50662 
-15.4479 -6.21376 -1.50199 
-15.4103 -6.18648 -1.52343 
-15.3888 -6.17192 -1.52009 
-15.3421 -6.15241 -1.53195 
-15.359 -6.16688 -1.52478 
-15.4474 -6.19811 -1.5036 
-15.4204 -6.17879 -1.51138 
-15.4101 -6.18372 -1.52148 
-15.3822 -6.16212 -1.52588 
-15.3388 -6.14762 -1.5395 
-15.3383 -6.13996 -1.537 
-15.3679 -6.1728 -1.52318 
-15.3677 -6.17259 -1.52318 
-15.4146 -6.18139 -1.50566 
-15.3423 -6.14506 -1.53349 
-15.3702 -6.15699 -1.51964 
-15.3353 -6.13307 -1.52971 
-15.3316 -6.14246 -1.52845 
-15.356 -6.14529 -1.51867 
-15.3547 -6.14488 -1.51869 
-15.3757 -6.16807 -1.51338 
-15.3949 -6.18872 -1.51093 
-15.3751 -6.16606 -1.52039 
-15.4224 -6.18627 -1.50362 
-15.4087 -6.17638 -1.50945 
-15.4108 -6.17845 -1.50884 
-15.3426 -6.14861 -1.53284 
-15.3741 -6.17518 -1.51591 
-15.3717 -6.16448 -1.51935 
-15.3801 -6.16304 -1.51612 
-15.3597 -6.16395 -1.52699 
-15.3423 -6.14071 -1.53652 
-15.3357 -6.13918 -1.53877 
-15.3246 -6.13924 -1.53429 
-15.3235 -6.13044 -1.53535 
-15.3545 -6.16349 -1.52852 
-15.3382 -6.12732 -1.55377 
-15.3722 -6.12885 -1.53014 
-15.3724 -6.12871 -1.53017 
-15.3996 -6.18494 -1.50853 
-15.357 -6.15175 -1.5274 
-15.3691 -6.16638 -1.52176 
-15.3875 -6.15621 -1.52402 
-15.3589 -6.15595 -1.53316 
-15.3383 -6.15976 -1.53533 
-15.3961 -6.16967 -1.51065 
-15.3597 -6.16557 -1.5272 
-15.3771 -6.16106 -1.51903 
-15.3575 -6.1517 -1.52478 
-15.3616 -6.17001 -1.527 
-15.3617 -6.17006 -1.52693 
-15.388 -6.17649 -1.51127 
-15.3462 -6.14681 -1.52624 
-15.3535 -6.15262 -1.52968 
-15.362 -6.15172 -1.52321 
-15.3859 -6.17351 -1.51148 
-15.3569 -6.12151 -1.54487 
-15.359 -6.16216 -1.52173 
-15.3695 -6.17026 -1.52387 
-15.3626 -6.16239 -1.52693 
-15.3405 -6.14146 -1.53607 
-15.3475 -6.15278 -1.5373 
-15.3934 -6.17261 -1.51262 
-15.3933 -6.17257 -1.51267 
-15.3496 -6.13695 -1.54161 
-15.3534 -6.15759 -1.52859 
-15.3736 -6.17031 -1.51927 
-15.3848 -6.16399 -1.51489 
-15.4119 -6.18397 -1.50716 
-15.3677 -6.14496 -1.53406 
-15.375 -6.15364 -1.51429 
-15.3732 -6.15354 -1.51431 
-15.4071 -6.18467 -1.50846 
-15.3644 -6.15099 -1.5393 
-15.3718 -6.15983 -1.5222 
-15.3388 -6.14549 -1.52868 
-15.3245 -6.1353 -1.54155 
-15.3244 -6.13514 -1.54159 
-15.3256 -6.13941 -1.5422 
-15.346 -6.1363 -1.52886 
-15.3625 -6.15435 -1.52041 
-15.347 -6.15305 -1.52812 
-15.3299 -6.13483 -1.53471 
-15.3298 -6.13471 -1.53472 
-15.3731 -6.16297 -1.52031 
-15.3831 -6.16882 -1.51786 
-15.3628 -6.16678 -1.52533 
-15.3883 -6.177 -1.51319 
-15.3471 -6.15109 -1.53311 
-15.3354 -6.1429 -1.5325 
-15.3354 -6.14291 -1.53248 
-15.3355 -6.14292 -1.53245 
-15.3355 -6.14293 -1.53243 
-15.3355 -6.14295 -1.53241 
-15.3355 -6.14687 -1.53239 
-15.3356 -6.14686 -1.53237 
-15.3356 -6.14684 -1.53235 
-15.3357 -6.14683 -1.53233 
-15.3357 -6.14681 -1.53231 
-15.3358 -6.1468 -1.53229 
-15.3358 -6.14679 -1.53227 
-15.3359 -6.14678 -1.53225 
-15.3359 -6.14676 -1.53223 
-15.3359 -6.14675 -1.53222 
-15.336 -6.14674 -1.5322 
