# robot.pose.x robot.pose.y 
-3.50462 -0.334087 
-3.44635 -0.489864 
-3.46455 -0.497866 
-3.44513 -0.499605 
-3.46245 -0.518123 
-3.46507 -0.499681 
-3.47091 -0.506209 
-3.47073 -0.506175 
-3.4753 -0.514066 
-3.47079 -0.499799 
-3.46938 -0.509775 
-3.47396 -0.509006 
-3.45861 -0.494766 
-3.46431 -0.47976 
-3.46399 -0.48123 
-3.46599 -0.494828 
-3.47724 -0.496576 
-3.47685 -0.51969 
-3.46741 -0.515937 
-3.47783 -0.514316 
-3.47443 -0.513511 
-3.47443 -0.513511 
-3.46669 -0.491945 
-3.47585 -0.509534 
-3.46606 -0.50777 
-3.47757 -0.50971 
-3.47757 -0.50971 
-3.49009 -0.493828 
-3.46978 -0.495039 
-3.46599 -0.503821 
-3.46744 -0.499499 
-3.47552 -0.48947 
-3.47139 -0.499227 
-3.47348 -0.496544 
-3.47348 -0.496544 
-3.47256 -0.507353 
-3.47049 -0.502052 
-3.46998 -0.512671 
-3.46463 -0.492947 
-3.46512 -0.498289 
-3.4633 -0.490491 
-3.46846 -0.485979 
-3.47403 -0.507466 
-3.46516 -0.506205 
-3.47355 -0.491065 
-3.47355 -0.491065 
-3.4652 -0.491731 
-3.48288 -0.509325 
-3.47176 -0.517548 
-3.46249 -0.500717 
-3.47127 -0.514017 
-3.46997 -0.495909 
-3.46997 -0.495909 
-3.47193 -0.493212 
-3.46951 -0.485057 
-3.47211 -0.492172 
-3.47406 -0.50604 
-3.47816 -0.51347 
-3.46626 -0.500597 
-3.47714 -0.507805 
-3.47486 -0.503464 
-3.47058 -0.507783 
-3.46792 -0.477218 
-3.46792 -0.477218 
-3.47328 -0.491287 
-3.47554 -0.505769 
-3.46296 -0.506138 
-3.46618 -0.504759 
-3.46762 -0.503745 
-3.4727 -0.497534 
-3.46153 -0.485386 
-3.46153 -0.485386 
-3.47789 -0.510248 
-3.46836 -0.499308 
-3.46905 -0.506978 
-3.46726 -0.494622 
-3.46726 -0.494622 
-3.47894 -0.522686 
-3.47113 -0.485801 
-3.47043 -0.501992 
-3.47507 -0.521137 
-3.4747 -0.510987 
-3.4864 -0.502664 
-3.48851 -0.506202 
-3.46896 -0.506969 
-3.46475 -0.505515 
-3.4781 -0.509484 
-3.47052 -0.506993 
-3.4702 -0.50086 
-3.4702 -0.50086 
-3.48104 -0.505849 
-3.46151 -0.506991 
-3.46805 -0.49313 
-3.46935 -0.513464 
-3.46101 -0.499426 
-3.4702 -0.5027 
-3.47128 -0.50762 
-3.46282 -0.507367 
-3.47067 -0.516276 
-3.47101 -0.507496 
-3.47101 -0.507496 
-3.46984 -0.504893 
-3.47471 -0.502379 
-3.46763 -0.49725 
-3.4624 -0.506882 
-3.46407 -0.508674 
-3.47846 -0.510816 
-3.47402 -0.486066 
-3.47402 -0.486066 
-3.47643 -0.493848 
-3.47269 -0.506825 
-3.46741 -0.49057 
-3.47306 -0.49031 
-3.46222 -0.501488 
-3.46576 -0.501265 
-3.47006 -0.494193 
-3.45847 -0.491705 
-3.45847 -0.491705 
-3.47293 -0.514465 
-3.48304 -0.504661 
-3.47107 -0.489647 
-3.47375 -0.507593 
-3.47375 -0.507593 
-3.45958 -0.495786 
-3.47693 -0.506807 
-3.46937 -0.505799 
-3.47979 -0.52158 
-3.46232 -0.501457 
-3.46232 -0.501457 
-3.47144 -0.504161 
-3.46458 -0.505117 
-3.46005 -0.495465 
-3.48623 -0.514371 
-3.46926 -0.502273 
-3.46849 -0.513255 
-3.46271 -0.501287 
-3.45966 -0.492122 
-3.4688 -0.496996 
-3.47173 -0.499479 
-3.46613 -0.498034 
-3.46735 -0.499423 
-3.46735 -0.499423 
-3.46959 -0.497374 
-3.45881 -0.500505 
-3.47316 -0.505133 
-3.4696 -0.50763 
-3.45856 -0.500578 
-3.45856 -0.500578 
-3.46931 -0.504521 
-3.46722 -0.507623 
-3.46156 -0.501957 
-3.46905 -0.483412 
-3.46325 -0.486043 
-3.4696 -0.483427 
-3.4696 -0.483427 
-3.47307 -0.494841 
-3.47543 -0.521667 
-3.46956 -0.504838 
-3.47954 -0.5097 
-3.48103 -0.503829 
-3.47069 -0.491578 
-3.47069 -0.491578 
-3.47164 -0.486628 
-3.47768 -0.498896 
-3.47073 -0.489922 
-3.47636 -0.489308 
-3.47405 -0.519351 
-3.47405 -0.519351 
-3.46628 -0.503713 
-3.46502 -0.505182 
-3.47504 -0.502799 
-3.46728 -0.507203 
-3.47975 -0.505203 
-3.46937 -0.502332 
-3.47161 -0.510274 
-3.46394 -0.504539 
-3.464 -0.484871 
-3.4685 -0.506076 
-3.46887 -0.494948 
-3.47107 -0.491027 
-3.47511 -0.508857 
-3.47724 -0.509501 
-3.47724 -0.509501 
-3.47397 -0.500394 
-3.46962 -0.511745 
-3.47003 -0.50669 
-3.47178 -0.498238 
-3.47168 -0.499277 
-3.47463 -0.506983 
-3.46736 -0.50622 
-3.47905 -0.517722 
-3.46577 -0.504741 
-3.47141 -0.504575 
-3.45938 -0.507202 
-3.45938 -0.507202 
-3.45881 -0.499356 
-3.46939 -0.485527 
-3.46614 -0.503747 
-3.46614 -0.503747 
-3.46103 -0.490086 
-3.47012 -0.497041 
-3.47316 -0.512044 
-3.46291 -0.502705 
-3.46497 -0.500323 
-3.46351 -0.495795 
-3.46443 -0.477044 
-3.47384 -0.483156 
-3.47411 -0.456898 
-3.46763 -0.408045 
-3.46831 -0.370816 
-3.48773 -0.338467 
-3.48786 -0.34525 
-3.50024 -0.285106 
-3.52552 -0.245602 
-3.5704 -0.187977 
-3.60024 -0.115488 
-3.6576 -0.102674 
-3.68908 -0.0572365 
-3.68908 -0.0572365 
-3.74396 -0.0248871 
-3.80958 0.000475494 
-3.84178 0.0241484 
-3.92967 0.0227357 
-3.96981 0.0702464 
-3.96981 0.0702464 
-4.05377 0.0536762 
-4.05801 0.143495 
-4.13139 0.140329 
-4.20861 0.153 
-4.23298 0.202935 
-4.29309 0.219489 
-4.29309 0.219489 
-4.37792 0.229846 
-4.4409 0.239907 
-4.48184 0.284549 
-4.52778 0.314889 
-4.55894 0.361849 
-4.55894 0.361849 
-4.60659 0.391908 
-4.67479 0.416839 
-4.71718 0.435231 
-4.76331 0.484099 
-4.89333 0.523723 
-4.90473 0.535117 
-4.9972 0.561942 
-5.03118 0.537188 
-5.06037 0.526238 
-5.10285 0.587591 
-5.19284 0.609917 
-5.22389 0.652247 
-5.22601 0.687026 
-5.28773 0.69016 
-5.35129 0.722978 
-5.39383 0.751769 
-5.45991 0.751219 
-5.50307 0.812524 
-5.56776 0.820077 
-5.55613 0.829948 
-5.60994 0.868171 
-5.66005 0.870225 
-5.65827 0.899166 
-5.70681 0.914058 
-5.79898 0.95383 
-5.92535 1.02155 
-5.95216 1.01034 
-5.97467 1.03 
-6.04789 1.05044 
-6.10753 1.07496 
-6.1537 1.14045 
-6.15659 1.13672 
-6.15659 1.13672 
-6.25788 1.14755 
-6.31034 1.1973 
-6.37634 1.20365 
-6.44004 1.25546 
-6.46532 1.27358 
-6.49583 1.3266 
-6.49461 1.34939 
-6.59236 1.34052 
-6.65893 1.35163 
-6.69347 1.38657 
-6.75713 1.42965 
-6.79972 1.48245 
-6.79972 1.48245 
-6.8529 1.49414 
-6.90594 1.53711 
-6.92525 1.48747 
-6.97769 1.49602 
-7.07821 1.58262 
-7.05828 1.53333 
-7.09063 1.55096 
-7.17835 1.61932 
-7.25346 1.60412 
-7.27727 1.66312 
-7.36561 1.71398 
-7.42804 1.62725 
-7.46147 1.57144 
-7.45163 1.61211 
-7.70002 1.61808 
-7.79767 1.68698 
-7.8833 1.69833 
-7.92166 1.68677 
-7.91334 1.64991 
-7.91334 1.64991 
-8.05081 1.65003 
-8.13209 1.65916 
-8.12922 1.72189 
-8.21471 1.71201 
-8.15907 1.73015 
-8.17158 1.73765 
-8.24355 1.69273 
-8.37942 1.7006 
-8.34072 1.71479 
-8.407 1.70654 
-8.53091 1.69876 
-8.51105 1.70692 
-8.51105 1.70692 
-8.58852 1.70137 
-8.73481 1.69578 
-8.7848 1.68528 
-8.83651 1.69141 
-8.80162 1.68877 
-8.86715 1.68684 
-8.95581 1.67809 
-8.97243 1.67422 
-9.07393 1.67121 
-9.1383 1.66752 
-9.11304 1.67877 
-9.23973 1.66156 
-9.2268 1.66846 
-9.25848 1.6654 
-9.27244 1.6594 
-9.47907 1.64552 
-9.52207 1.65301 
-9.56536 1.64092 
-9.56536 1.64092 
-9.64687 1.63395 
-9.76488 1.63914 
-9.67812 1.65038 
-9.69663 1.63741 
-9.90277 1.62075 
-9.8781 1.63477 
-9.89807 1.62185 
-10.0035 1.61856 
-10.0781 1.61645 
-10.0673 1.61306 
-10.1943 1.63462 
-10.2243 1.63292 
-10.3081 1.62477 
-10.3081 1.62477 
-10.3306 1.63268 
-10.4295 1.62106 
-10.5109 1.60708 
-10.5205 1.61962 
-10.5543 1.59933 
-10.5543 1.59933 
-10.5616 1.56773 
-10.5893 1.5613 
-10.6244 1.55276 
-10.7048 1.54653 
-10.8169 1.54928 
-10.9475 1.54748 
-10.9578 1.54794 
-10.9821 1.5481 
-11.0359 1.56339 
-11.1271 1.58438 
-11.1641 1.589 
-11.2151 1.56775 
-11.2408 1.56638 
-11.3085 1.56831 
-11.3515 1.5479 
-11.4252 1.55978 
-11.5045 1.54461 
-11.5332 1.55771 
-11.5332 1.55771 
-11.5332 1.55771 
-11.6055 1.55517 
-11.676 1.54854 
-11.7336 1.54869 
-11.7746 1.55208 
-11.8416 1.5451 
-11.8416 1.5451 
-11.9111 1.53762 
-11.9782 1.53428 
-12.0369 1.53968 
-12.1003 1.535 
-12.1474 1.51527 
-12.1474 1.51527 
-12.1825 1.51427 
-12.2355 1.50668 
-12.3149 1.50498 
-12.3456 1.52732 
-12.3942 1.52589 
-12.3942 1.52589 
-12.4957 1.51941 
-12.548 1.51687 
-12.5461 1.47819 
-12.6353 1.47308 
-12.6649 1.47486 
-12.7405 1.45195 
-12.7405 1.45195 
-12.8467 1.43095 
-12.8394 1.4163 
-12.8941 1.3935 
-12.9953 1.39926 
-13.0402 1.38467 
-13.0499 1.38777 
-13.1461 1.35052 
-13.196 1.34729 
-13.2045 1.35757 
-13.2544 1.35204 
-13.3237 1.29478 
-13.4091 1.31839 
-13.473 1.29179 
-13.473 1.29179 
-13.5654 1.26498 
-13.6642 1.25172 
-13.6131 1.2877 
-13.7021 1.30531 
-13.7953 1.29414 
-13.8675 1.2478 
-13.8675 1.2478 
-13.8677 1.23749 
-13.9112 1.22835 
-13.935 1.19576 
-14.0169 1.16362 
-14.1308 1.13272 
-14.1192 1.11006 
-14.1192 1.11006 
-14.1587 1.08431 
-14.1437 1.07073 
-14.2953 1.00398 
-14.3699 0.991508 
-14.4126 0.970703 
-14.457 0.967524 
-14.4838 0.939572 
-14.5757 0.908836 
-14.6412 0.858145 
-14.6793 0.819763 
-14.691 0.778509 
-14.691 0.778509 
-14.7558 0.731144 
-14.762 0.655143 
-14.8365 0.604292 
-14.848 0.542937 
-14.823 0.489057 
-14.8134 0.493741 
-14.777 0.445497 
-14.8486 0.399145 
-14.9199 0.354179 
-14.9223 0.311603 
-14.9664 0.227803 
-14.9348 0.187003 
-14.9472 0.142675 
-14.9438 0.098244 
-14.9461 0.0517789 
-14.9629 0.0243142 
-14.9682 -0.0138975 
-14.9418 -0.100213 
-14.9646 -0.249673 
-14.9854 -0.23997 
-14.951 -0.283822 
-14.9867 -0.410081 
-15.0079 -0.383201 
-14.9577 -0.427217 
-15.0043 -0.445715 
-14.9946 -0.491632 
-14.9906 -0.539934 
-14.9823 -0.587545 
-15.0124 -0.638609 
-14.9872 -0.687107 
-15.0069 -0.736984 
-14.9971 -0.788192 
-14.9931 -0.83825 
-14.9911 -0.887152 
-15.0058 -0.890772 
-14.9791 -1.0542 
-15.0143 -1.09796 
-15.0675 -1.04075 
-15.0675 -1.04075 
-15.0016 -1.11398 
-15.0136 -1.14173 
-15.0278 -1.31069 
-15.0551 -1.30416 
-15.0551 -1.30416 
-15.0493 -1.35437 
-15.044 -1.40311 
-15.0765 -1.50878 
-15.1081 -1.46055 
-15.1123 -1.65122 
-15.1376 -1.69774 
-15.137 -1.74674 
-15.1216 -1.79268 
-15.1158 -1.82659 
-15.0663 -1.89917 
-15.0581 -1.8694 
-15.0964 -1.86578 
-15.0731 -2.05031 
-14.9608 -1.91093 
-15.011 -1.94989 
-15.0138 -1.99956 
-15.1269 -2.18897 
-15.1055 -2.35105 
-15.1057 -2.45361 
-15.1285 -2.51406 
-15.1285 -2.51406 
-15.0379 -2.49112 
-15.0405 -2.53168 
-15.0556 -2.87907 