# robot.pose.x robot.pose.y 
-3.52435 -0.33756 
-3.45602 -0.462814 
-3.46969 -0.462777 
-3.46835 -0.463431 
-3.46675 -0.459051 
-3.47328 -0.458406 
-3.47407 -0.474786 
-3.47063 -0.48175 
-3.46644 -0.477691 
-3.46509 -0.469003 
-3.46447 -0.464179 
-3.47033 -0.469773 
-3.46929 -0.458338 
-3.4769 -0.4746 
-3.47092 -0.461414 
-3.47147 -0.467877 
-3.46977 -0.457086 
-3.47002 -0.457369 
-3.47584 -0.475823 
-3.4685 -0.45956 
-3.47247 -0.465535 
-3.46734 -0.458004 
-3.4685 -0.464905 
-3.46603 -0.453467 
-3.46442 -0.455953 
-3.46574 -0.456185 
-3.47034 -0.4671 
-3.47035 -0.467177 
-3.47864 -0.467853 
-3.47565 -0.47242 
-3.46786 -0.460234 
-3.46773 -0.460354 
-3.47497 -0.473746 
-3.48063 -0.476495 
-3.47676 -0.459438 
-3.46824 -0.464061 
-3.47898 -0.474974 
-3.46779 -0.45657 
-3.47016 -0.45487 
-3.46582 -0.458794 
-3.47393 -0.461252 
-3.47389 -0.461348 
-3.47264 -0.462103 
-3.47067 -0.45972 
-3.48787 -0.481481 
-3.46547 -0.450649 
-3.47797 -0.465794 
-3.47098 -0.463806 
-3.47602 -0.470289 
-3.46663 -0.459238 
-3.46671 -0.459325 
-3.4751 -0.464847 
-3.48029 -0.472393 
-3.474 -0.4681 
-3.47401 -0.468179 
-3.47304 -0.463989 
-3.47782 -0.465602 
-3.47295 -0.461102 
-3.47349 -0.468089 
-3.47333 -0.464662 
-3.47463 -0.4719 
-3.47463 -0.4719 
-3.47471 -0.481114 
-3.47658 -0.468813 
-3.48373 -0.471372 
-3.47577 -0.467696 
-3.47617 -0.474907 
-3.47617 -0.474907 
-3.47394 -0.463781 
-3.47553 -0.463936 
-3.47725 -0.473836 
-3.47435 -0.464652 
-3.46431 -0.459278 
-3.46572 -0.454901 
-3.46572 -0.454901 
-3.47439 -0.468771 
-3.46726 -0.459016 
-3.47067 -0.460321 
-3.47699 -0.472341 
-3.47167 -0.470851 
-3.46686 -0.466983 
-3.46686 -0.466983 
-3.47446 -0.465479 
-3.4652 -0.459654 
-3.48201 -0.474162 
-3.4776 -0.471149 
-3.46907 -0.463994 
-3.476 -0.462871 
-3.476 -0.462871 
-3.47577 -0.458228 
-3.47746 -0.46927 
-3.46964 -0.46406 
-3.479 -0.471383 
-3.47593 -0.464373 
-3.47606 -0.468468 
-3.47446 -0.460329 
-3.47733 -0.47154 
-3.48584 -0.48493 
-3.46521 -0.458903 
-3.47715 -0.464831 
-3.47715 -0.464831 
-3.47795 -0.476346 
-3.46191 -0.455773 
-3.47715 -0.471964 
-3.47308 -0.469881 
-3.47632 -0.468288 
-3.47868 -0.470576 
-3.47868 -0.470576 
-3.46844 -0.462023 
-3.46991 -0.464017 
-3.46888 -0.460702 
-3.46683 -0.45348 
-3.46926 -0.460044 
-3.46926 -0.460044 
-3.47165 -0.45817 
-3.46918 -0.465141 
-3.46903 -0.45992 
-3.46713 -0.457742 
-3.47318 -0.470695 
-3.47053 -0.455993 
-3.47053 -0.455993 
-3.4696 -0.459088 
-3.46505 -0.455882 
-3.47357 -0.467935 
-3.46797 -0.462085 
-3.47192 -0.463874 
-3.47192 -0.463874 
-3.48329 -0.474956 
-3.47347 -0.471123 
-3.47745 -0.473934 
-3.46991 -0.458054 
-3.46443 -0.465141 
-3.47238 -0.468454 
-3.47321 -0.470375 
-3.4739 -0.470319 
-3.46713 -0.451918 
-3.47102 -0.465873 
-3.47164 -0.45937 
-3.47817 -0.46897 
-3.47817 -0.46897 
-3.46726 -0.467749 
-3.47799 -0.475101 
-3.46419 -0.443192 
-3.47859 -0.481739 
-3.4684 -0.460292 
-3.46758 -0.454636 
-3.472 -0.471189 
-3.472 -0.471189 
-3.47548 -0.46868 
-3.48077 -0.459308 
-3.47182 -0.465183 
-3.46913 -0.45865 
-3.46436 -0.460044 
-3.46685 -0.459266 
-3.46543 -0.462811 
-3.47248 -0.459604 
-3.47248 -0.459604 
-3.47058 -0.461838 
-3.46588 -0.45671 
-3.47854 -0.460907 
-3.47854 -0.460907 
-3.46394 -0.462958 
-3.47409 -0.463806 
-3.4797 -0.466499 
-3.47693 -0.46106 
-3.47487 -0.46596 
-3.47487 -0.46596 
-3.47118 -0.46678 
-3.47117 -0.459932 
-3.47072 -0.464101 
-3.48 -0.472707 
-3.47915 -0.470865 
-3.47915 -0.470865 
-3.48244 -0.473484 
-3.4808 -0.47308 
-3.46683 -0.462928 
-3.46288 -0.450536 
-3.4724 -0.455161 
-3.46871 -0.446148 
-3.48445 -0.466817 
-3.48445 -0.466817 
-3.46971 -0.46693 
-3.47745 -0.46139 
-3.46333 -0.458631 
-3.46296 -0.449737 
-3.47034 -0.457138 
-3.47175 -0.462757 
-3.46398 -0.459841 
-3.47831 -0.468802 
-3.46946 -0.460589 
-3.47309 -0.470801 
-3.46668 -0.460328 
-3.46668 -0.460328 
-3.47265 -0.465871 
-3.47124 -0.468036 
-3.47853 -0.461491 
-3.47294 -0.463062 
-3.48737 -0.475227 
-3.47429 -0.464743 
-3.48242 -0.471421 
-3.47268 -0.463123 
-3.47268 -0.463123 
-3.47697 -0.474421 
-3.46656 -0.461179 
-3.46656 -0.461179 
-3.46609 -0.469896 
-3.46499 -0.456825 
-3.46359 -0.459029 
-3.46676 -0.456398 
-3.47218 -0.464956 
-3.46891 -0.459525 
-3.46891 -0.459525 
-3.472 -0.459256 
-3.46161 -0.453227 
-3.47778 -0.460768 
-3.47368 -0.467469 
-3.46302 -0.459535 
-3.46302 -0.459535 
-3.48153 -0.479334 
-3.46791 -0.463669 
-3.4744 -0.467826 
-3.47465 -0.464711 
-3.48066 -0.469933 
-3.48803 -0.483753 
-3.48803 -0.483753 
-3.47464 -0.46588 
-3.48156 -0.471447 
-3.47536 -0.469973 
-3.48436 -0.475799 
-3.47275 -0.467645 
-3.47275 -0.467645 
-3.46823 -0.460578 
-3.47257 -0.464565 
-3.47565 -0.471692 
-3.4676 -0.463733 
-3.46604 -0.463944 
-3.4771 -0.471943 
-3.4771 -0.471943 
-3.47039 -0.467902 
-3.46769 -0.453736 
-3.46727 -0.462646 
-3.4819 -0.470683 
-3.46884 -0.469916 
-3.47615 -0.470392 
-3.47679 -0.472595 
-3.47381 -0.463998 
-3.46476 -0.457884 
-3.46991 -0.461436 
-3.47444 -0.468118 
-3.47055 -0.468456 
-3.47055 -0.468456 
-3.48056 -0.475832 
-3.47409 -0.461627 
-3.47233 -0.466573 
-3.46709 -0.455699 
-3.46248 -0.45568 
-3.473 -0.460065 
-3.473 -0.460065 
-3.46991 -0.464349 
-3.47415 -0.463025 
-3.46615 -0.457442 
-3.46725 -0.459376 
-3.47152 -0.474641 
-3.47152 -0.474641 
-3.47314 -0.464726 
-3.47862 -0.473742 
-3.4762 -0.461467 
-3.47553 -0.467254 
-3.47156 -0.4619 
-3.47554 -0.470565 
-3.47554 -0.470565 
-3.47434 -0.460654 
-3.4708 -0.455625 
-3.46899 -0.463692 
-3.47652 -0.467922 
-3.47548 -0.466544 
-3.47548 -0.466544 
-3.47067 -0.46697 
-3.47366 -0.458777 
-3.46998 -0.463722 
-3.46999 -0.459871 
-3.47484 -0.476281 
-3.47168 -0.460906 
-3.47168 -0.460906 
-3.47641 -0.455401 
-3.4659 -0.43581 
-3.45994 -0.406485 
-3.44655 -0.395847 
-3.42309 -0.36365 
-3.42309 -0.36365 
-3.41523 -0.362 
-3.38476 -0.321283 
-3.3527 -0.305832 
-3.31534 -0.268822 
-3.28738 -0.246848 
-3.25805 -0.228052 
-3.25805 -0.228052 
-3.20703 -0.193887 
-3.15146 -0.140267 
-3.09402 -0.10904 
-3.03713 -0.0729307 
-2.95209 -0.024728 
-2.89351 -0.00972815 
-2.83396 -0.00449352 
-2.7391 -0.00142397 
-2.67049 0.00443526 
-2.66745 0.0124386 
-2.60167 -0.00865514 
-2.51616 -0.0264586 
-2.53099 -0.0267954 
-2.48119 -0.0258182 
-2.41767 -0.0342049 
-2.34 -0.0300405 
-2.32689 -0.0231296 
-2.28299 -0.025755 
-2.2269 -0.0283259 
-2.18145 -0.0328689 
-2.09737 -0.0340764 
-2.04277 -0.045443 
-1.98407 -0.0375072 
-1.94823 -0.0382177 
-1.87412 -0.0338932 
-1.81041 -0.033519 
-1.73533 -0.0371101 
-1.68873 -0.0524894 
-1.62032 -0.042079 
-1.58801 0.0334616 
-1.59282 -0.00717044 
-1.50404 0.0468858 
-1.43739 -0.00710039 
-1.3709 -0.0526653 
-1.32669 -0.0560983 
-1.26233 -0.0534427 
-1.26233 -0.0534427 
-1.20453 -0.0516785 
-1.14721 -0.0575695 
-1.11726 -0.0227159 
-1.06721 -0.0330173 
-0.992514 -0.0306377 
-0.974904 -0.0602286 
-0.918975 -0.0285767 
-0.859217 -0.0325272 
-0.798959 -0.0218251 
-0.733265 -0.0277861 
-0.66257 -0.0203841 
-0.659338 -0.0688042 
-0.620843 -0.0323311 
-0.559397 -0.0263462 
-0.495149 -0.01427 
-0.439399 -0.0219144 
-0.389349 -0.0309743 
-0.304123 0.0105444 
-0.304123 0.0105444 
-0.252367 0.00470643 
-0.199069 -0.0165371 
-0.144891 -0.00258797 
-0.0568389 -0.0245004 
-0.0159999 -0.027939 
0.0248004 -0.0660518 
0.0245183 -0.0697514 
0.054678 -0.0685443 
0.112766 -0.078538 
0.138166 -0.0802454 
0.200516 -0.0793295 
0.233127 -0.0681684 
0.271576 -0.0675795 
0.30791 -0.0676316 
0.343134 -0.0584947 
0.420671 -0.0687724 
0.504207 -0.074563 
0.592592 -0.073414 
0.651993 -0.0549311 
0.719431 -0.0738279 
0.721467 -0.074438 
0.79165 -0.07919 
0.835394 -0.0864152 
0.904184 -0.0799187 
0.969646 -0.0790578 
1.01102 -0.0843861 
1.02441 -0.0711391 
1.08593 -0.0833618 
1.14522 -0.0763417 
1.20709 -0.0745448 
1.2709 -0.056576 
1.2709 -0.056576 
1.33248 -0.0647523 
1.38034 -0.0723673 
1.44427 -0.0628282 
1.49902 -0.0734772 
1.54413 -0.0815129 
1.55276 -0.0759061 
1.61514 -0.0750085 
1.6656 -0.0737206 
1.6607 -0.0753503 
1.72551 -0.0751271 
1.77799 -0.0661963 
1.84577 -0.062664 
1.90179 -0.0674966 
1.90179 -0.0674966 
1.9625 -0.057994 
2.03196 -0.0729821 
2.12777 -0.0322142 
2.17469 -0.0169805 
2.24828 -0.0224483 
2.24828 -0.0224483 
2.26784 -0.0170604 
2.34586 -0.0247457 
2.38447 -0.013387 
2.4789 0.0267524 
2.5265 0.0657353 
2.54991 -0.0155789 
2.55427 -0.0820587 
2.64881 -0.0318661 
2.68608 -0.0666278 
2.74819 -0.102774 
2.80269 -0.124565 
2.86028 -0.137259 
2.93026 -0.143653 
2.93026 -0.143653 
2.98936 -0.163207 
3.03601 -0.205425 
3.08552 -0.206602 
3.16869 -0.192421 
3.16499 -0.28723 
3.22186 -0.291745 
3.2192 -0.317153 
3.28652 -0.321275 
3.34103 -0.379463 
3.38005 -0.407315 
3.4196 -0.434981 
3.4196 -0.434981 
3.46682 -0.401373 
3.49785 -0.48749 
3.52259 -0.519526 
3.55269 -0.611734 
3.56433 -0.687905 
3.57113 -0.757574 
3.57113 -0.757574 
3.58681 -0.747883 
3.59798 -0.860282 
3.61008 -0.905565 
3.61008 -0.905565 
3.61031 -1.00066 
3.61031 -1.00063 
3.62786 -1.09579 
3.62785 -1.09572 
3.61678 -1.0966 
3.63757 -1.24261 
3.63756 -1.24256 
3.6364 -1.29152 
3.64228 -1.38985 
3.64539 -1.43917 
3.64653 -1.48773 
3.65058 -1.53719 
3.65566 -1.53674 
3.65566 -1.5367 
3.65448 -1.58638 
3.6799 -1.73272 
3.67575 -1.73301 
3.68054 -1.83082 
3.69584 -1.8787 
3.69584 -1.87865 
3.70022 -1.97674 
3.7134 -2.02461 
3.71748 -2.07333 
3.7087 -2.12288 
3.71758 -2.1715 
3.72199 -2.22036 
3.72198 -2.2203 
3.73425 -2.31773 
3.75029 -2.3655 
3.74453 -2.41529 
3.74838 -2.46362 
3.75217 -2.51198 
3.7702 -2.55984 
3.76815 -2.60838 
3.77147 -2.65672 
3.77757 -2.7043 
3.78851 -2.75171 
3.79632 -2.79965 
3.79445 -2.84789 
3.78733 -2.89751 
3.79076 -2.9451 
3.79398 -2.99287 
3.80729 -3.04066 
3.80284 -3.08992 
3.81313 -3.13733 
3.81083 -3.18532 
3.81983 -3.23324 
3.82336 -3.28152 
3.81611 -3.33058 
3.82732 -3.37832 
3.84058 -3.42565 
3.83258 -3.4744 
3.8418 -3.52199 
3.85273 -3.56978 
3.85632 -3.61756 
3.84389 -3.66724 
3.85475 -3.7146 
3.85336 -3.76352 
3.87196 -3.81037 
3.87114 -3.85949 
3.87476 -3.9075 
3.87884 -3.95518 
3.87563 -4.00341 
3.88983 -4.05046 
3.89524 -4.09891 
3.90719 -4.1463 
3.90275 -4.19462 
3.90654 -4.24326 
3.89682 -4.29318 
3.90989 -4.34096 
3.91986 -4.38899 
3.9268 -4.43789 
3.93212 -4.48742 
3.93213 -4.53622 
3.9361 -4.58457 
3.94075 -4.63305 
3.94103 -4.6814 
3.93516 -4.73239 
3.93329 -4.78136 
3.93762 -4.831 
3.94944 -4.87842 
3.95373 -4.92787 
3.95638 -4.97687 
3.959 -5.02657 
3.95101 -5.07737 
3.95101 -5.07737 
3.96771 -5.17348 
3.97412 -5.22341 
3.97187 -5.27145 
3.97248 -5.32238 
3.97595 -5.3705 
3.98292 -5.42 
3.98293 -5.42001 
3.963 -5.22694 
3.9702 -5.29646 
3.9648 -5.34696 
3.95561 -5.40548 
3.94886 -5.44477 
3.97327 -5.5442 
3.97327 -5.5442 
3.97474 -5.60997 
3.98105 -5.66486 
3.97722 -5.72695 
3.979 -5.78861 
3.95819 -5.83728 
3.9599 -5.89303 
3.9599 -5.89303 
3.94688 -5.96092 
3.93541 -6.01066 
3.89692 -6.02892 
3.88569 -6.12124 
3.84894 -6.16997 
3.84266 -6.17052 
3.83654 -6.23861 
3.76794 -6.25666 
3.73615 -6.31423 
3.6613 -6.34548 
3.644 -6.40789 
3.61592 -6.44559 
3.61592 -6.44559 
3.55114 -6.46856 
3.48556 -6.49786 
3.41777 -6.51351 
3.38916 -6.55555 
3.24616 -6.53993 
3.2244 -6.56998 
3.2244 -6.56998 
3.16442 -6.56243 
3.16868 -6.56151 
3.0593 -6.61314 
2.87533 -6.572 
2.97391 -6.61849 
2.97391 -6.61849 
2.90139 -6.62955 
2.89967 -6.6657 
2.74328 -6.65129 
2.70046 -6.65461 
2.66204 -6.67137 
2.57694 -6.66854 
2.57694 -6.66854 
2.55289 -6.67656 
2.4864 -6.67553 
2.45163 -6.70006 
2.35498 -6.67418 
2.33001 -6.7179 
2.33001 -6.7179 
2.25552 -6.71489 
2.1955 -6.72786 
2.10007 -6.7222 
2.01719 -6.73496 
2.00517 -6.7574 
2.00517 -6.7574 
1.93048 -6.76207 
1.93301 -6.79002 
1.82805 -6.77866 
1.74923 -6.78255 
1.694 -6.79983 
1.66388 -6.82111 
1.66388 -6.82111 
1.57767 -6.80792 
1.49903 -6.81162 
1.46729 -6.83695 
1.39558 -6.84219 
1.30011 -6.84093 
1.25094 -6.849 
1.25094 -6.849 
1.25844 -6.85383 
1.11563 -6.84227 
1.12143 -6.86757 
1.06103 -6.8866 
1.01694 -6.89532 
1.01694 -6.89532 
0.895349 -6.87253 
0.887805 -6.91451 
0.758141 -6.87672 
0.744956 -6.90626 
0.68318 -6.89475 
0.642537 -6.94699 
0.642537 -6.94699 
0.574368 -6.91349 
0.515425 -6.93377 
0.469109 -6.95999 
0.418055 -6.97192 
0.294336 -6.95399 
0.313103 -6.96284 
0.298074 -6.99667 
0.194827 -6.97854 
0.0812923 -6.94939 
0.109456 -7.00874 
0.0740774 -7.00394 
0.0167399 -7.02306 
0.0167399 -7.02306 
-0.050082 -7.01263 
-0.117321 -7.04649 
-0.166654 -7.0405 
-0.232289 -7.06329 
-0.277857 -7.06141 
-0.281346 -7.06447 
-0.354973 -7.09996 
-0.410032 -7.10884 
-0.456319 -7.09048 
-0.532268 -7.12043 
-0.637426 -7.06662 
-0.641277 -7.12984 
-0.641277 -7.12984 
-0.709133 -7.15724 
-0.765708 -7.16293 
-0.810157 -7.14577 
-0.87491 -7.1521 
-0.929601 -7.15684 
-0.990253 -7.1802 
-0.990253 -7.1802 
-1.10768 -7.15521 
-1.08919 -7.18985 
-1.16044 -7.21114 
-1.2212 -7.20906 
-1.28929 -7.21075 
-1.28929 -7.21075 
-1.36099 -7.21455 
-1.40554 -7.23543 
-1.43189 -7.2617 
-1.51536 -7.24788 
-1.57656 -7.25819 
-1.57656 -7.25819 
-1.64239 -7.26177 
-1.70163 -7.26996 
-1.73464 -7.29261 
-1.81792 -7.27772 
-1.86148 -7.29887 
-1.93043 -7.29721 
-1.93043 -7.29721 
-1.98448 -7.31728 
-2.04658 -7.3218 
-2.10224 -7.34287 
-2.16159 -7.34383 
-2.24212 -7.35066 
-2.26095 -7.36806 
-2.26095 -7.36806 
-2.31306 -7.37906 
-2.379 -7.38153 
-2.45199 -7.39078 
-2.52057 -7.39245 
-2.56656 -7.40572 
-2.56656 -7.40572 
-2.59284 -7.45047 
-2.66735 -7.42752 
-2.72896 -7.44095 
-2.8085 -7.44228 
-2.85661 -7.44573 
-2.90505 -7.46649 
-2.9538 -7.46742 
-3.00288 -7.4716 
-3.05086 -7.46737 
-3.1 -7.45984 
-3.14836 -7.4692 
-3.19775 -7.47328 
-3.21575 -7.44541 
-3.21575 -7.44541 
-3.2616 -7.50265 
-3.31322 -7.50782 
-3.36369 -7.51648 
-3.54346 -7.54718 
-3.503 -7.5092