# robot.pose.x robot.pose.y robot.pose.theta 
-12.4835 2.85547 0.131284 
-12.6453 2.848 0.133227 
-12.6454 2.84847 0.132976 
-12.6498 2.83617 0.137029 
-12.657 2.83348 0.13717 
-12.6583 2.83838 0.136381 
-12.649 2.82141 0.140791 
-12.6477 2.81057 0.146606 
-12.6415 2.85207 0.130188 
-12.643 2.85197 0.130405 
-12.6581 2.84577 0.136562 
-12.6487 2.82809 0.140824 
-12.6451 2.84152 0.133464 
-12.6495 2.83556 0.135466 
-12.6514 2.82807 0.136674 
-12.6513 2.82794 0.136687 
-12.6632 2.84077 0.132423 
-12.6467 2.8186 0.143708 
-12.6554 2.82844 0.134866 
-12.6477 2.83006 0.140074 
-12.6539 2.83038 0.138779 
-12.6438 2.81664 0.139438 
-12.6437 2.81641 0.13946 
-12.6462 2.83849 0.138652 
-12.6431 2.87097 0.121345 
-12.6479 2.83745 0.139595 
-12.6423 2.84086 0.138988 
-12.6463 2.85789 0.134883 
-12.6431 2.85853 0.134882 
-12.6457 2.84587 0.135602 
-12.643 2.84665 0.133952 
-12.6508 2.83727 0.138936 
-12.6564 2.85362 0.129781 
-12.649 2.84712 0.140203 
-12.6489 2.84714 0.1402 
-12.643 2.83848 0.145793 
-12.6452 2.84289 0.136376 
-12.6674 2.86135 0.134492 
-12.6442 2.85478 0.136911 
-12.6528 2.85126 0.131787 
-12.6509 2.84022 0.139439 
-12.6508 2.8402 0.13943 
-12.65 2.85281 0.137423 
-12.6531 2.85461 0.138163 
-12.6498 2.8198 0.150596 
-12.6483 2.8486 0.133307 
-12.6597 2.84848 0.133524 
-12.6395 2.83292 0.140696 
-12.6394 2.83292 0.140691 
-12.6577 2.83926 0.137448 
-12.6593 2.83283 0.144262 
-12.6418 2.85884 0.128577 
-12.6532 2.86307 0.132584 
-12.6353 2.85609 0.136597 
-12.6353 2.85612 0.136595 
-12.65 2.8498 0.13923 
-12.6432 2.83501 0.139746 
-12.6444 2.84366 0.13712 
-12.6456 2.84293 0.135265 
-12.6526 2.82851 0.143524 
-12.6525 2.82846 0.14353 
-12.6395 2.85722 0.132577 
-12.6435 2.83967 0.138553 
-12.653 2.82951 0.141908 
-12.6481 2.84813 0.138961 
-12.6468 2.8569 0.135043 
-12.6468 2.85693 0.135047 
-12.6484 2.83959 0.13898 
-12.6412 2.85113 0.136975 
-12.645 2.8329 0.141637 
-12.6423 2.85711 0.132958 
-12.6451 2.85225 0.138817 
-12.6415 2.84688 0.138909 
-12.6415 2.84691 0.138905 
-12.6439 2.85712 0.136142 
-12.6505 2.84375 0.136294 
-12.6454 2.83322 0.141426 
-12.6437 2.84153 0.137901 
-12.6588 2.82254 0.145619 
-12.6469 2.84053 0.137385 
-12.648 2.84992 0.137979 
-12.632 2.84576 0.136405 
-12.6376 2.83424 0.140397 
-12.6407 2.84203 0.137955 
-12.6546 2.83151 0.142355 
-12.6402 2.84556 0.135803 
-12.6402 2.84554 0.135803 
-12.6465 2.83555 0.140996 
-12.6377 2.8666 0.129862 
-12.6489 2.83726 0.140298 
-12.6513 2.83612 0.139278 
-12.6452 2.85534 0.135811 
-12.6553 2.82567 0.14441 
-12.6531 2.82567 0.14434 
-12.6531 2.84046 0.139771 
-12.6539 2.86273 0.128025 
-12.6591 2.85276 0.133023 
-12.6423 2.83759 0.139866 
-12.636 2.85505 0.132018 
-12.6509 2.84878 0.138486 
-12.6509 2.8488 0.138489 
-12.6458 2.84376 0.138742 
-12.6452 2.84217 0.13794 
-12.644 2.84362 0.141343 
-12.649 2.86264 0.134205 
-12.6453 2.85715 0.135004 
-12.6453 2.85716 0.13501 
-12.6473 2.83554 0.139842 
-12.6449 2.84672 0.133841 
-12.645 2.83913 0.136349 
-12.651 2.85143 0.138091 
-12.6509 2.86912 0.132085 
-12.6509 2.86912 0.13209 
-12.648 2.8469 0.139112 
-12.6382 2.84702 0.135466 
-12.6435 2.83817 0.138641 
-12.6446 2.83449 0.140351 
-12.6346 2.83813 0.138569 
-12.6345 2.83814 0.138564 
-12.646 2.84046 0.138124 
-12.6319 2.85746 0.129822 
-12.6473 2.84767 0.135132 
-12.6516 2.8521 0.131558 
-12.6485 2.83754 0.137453 
-12.6408 2.84126 0.137379 
-12.6436 2.85023 0.137984 
-12.6473 2.84822 0.138905 
-12.6485 2.84316 0.141326 
-12.652 2.84535 0.134622 
-12.6469 2.8501 0.135202 
-12.6468 2.84378 0.13726 
-12.6468 2.84376 0.137261 
-12.649 2.83963 0.138506 
-12.6419 2.8482 0.134052 
-12.6345 2.85054 0.134143 
-12.6457 2.85554 0.136175 
-12.6505 2.82836 0.142596 
-12.6387 2.85205 0.133546 
-12.6378 2.85126 0.133904 
-12.6375 2.83052 0.141238 
-12.6505 2.84306 0.136797 
-12.6362 2.84182 0.137046 
-12.6469 2.84429 0.140703 
-12.6517 2.84482 0.141739 
-12.6423 2.86896 0.129707 
-12.6423 2.86899 0.1297 
-12.6518 2.84854 0.138057 
-12.65 2.85229 0.136218 
-12.6454 2.83231 0.143116 
-12.6414 2.84223 0.137766 
-12.6497 2.83509 0.139315 
-12.6532 2.83965 0.137275 
-12.6459 2.85811 0.134435 
-12.6458 2.84899 0.132862 
-12.6598 2.85805 0.130767 
-12.6425 2.83522 0.140363 
-12.6452 2.84712 0.13395 
-12.6556 2.8398 0.141469 
-12.6556 2.8398 0.141471 
-12.6463 2.84115 0.137618 
-12.6465 2.85252 0.136177 
-12.6488 2.84765 0.140663 
-12.6461 2.84678 0.138375 
-12.6464 2.83308 0.14044 
-12.6464 2.83306 0.140445 
-12.6467 2.83591 0.138493 
-12.6432 2.849 0.139768 
-12.6442 2.851 0.136495 
-12.6524 2.82513 0.145 
-12.6463 2.84227 0.137188 
-12.6463 2.84223 0.137197 
-12.6513 2.84585 0.134697 
-12.6339 2.85551 0.135991 
-12.644 2.84026 0.137256 
-12.6362 2.8573 0.130677 
-12.6527 2.85906 0.134432 
-12.6469 2.8374 0.136549 
-12.6481 2.8377 0.136477 
-12.641 2.84598 0.134494 
-12.6413 2.84281 0.137051 
-12.6485 2.84558 0.134834 
-12.6468 2.83691 0.138277 
-12.6303 2.84644 0.132525 
-12.647 2.83757 0.138551 
-12.647 2.83756 0.138552 
-12.6525 2.85642 0.134211 
-12.6413 2.85524 0.136028 
-12.6477 2.87034 0.129202 
-12.6357 2.85489 0.136025 
-12.64 2.83416 0.141687 
-12.64 2.83413 0.141693 
-12.6405 2.83859 0.138037 
-12.6454 2.85832 0.135907 
-12.6429 2.8783 0.12745 
-12.6534 2.83946 0.140759 
-12.6414 2.85301 0.133433 
-12.6454 2.83462 0.139631 
-12.6454 2.8346 0.139639 
-12.645 2.83255 0.140436 
-12.6446 2.83985 0.13679 
-12.6432 2.83475 0.139372 
-12.6503 2.84994 0.133455 
-12.6465 2.85476 0.136355 
-12.6465 2.85475 0.136361 
-12.6497 2.85446 0.136678 
-12.644 2.82811 0.142194 
-12.6461 2.84424 0.135526 
-12.6415 2.86455 0.130909 
-12.641 2.84611 0.138772 
-12.6409 2.84611 0.138777 
-12.6409 2.84904 0.138224 
-12.6483 2.85285 0.13509 
-12.6423 2.84557 0.136611 
-12.6399 2.83489 0.139421 
-12.6354 2.80582 0.153305 
-12.6553 2.83506 0.140324 
-12.6592 2.81181 0.149341 
-12.6445 2.83608 0.138771 
-12.6377 2.85154 0.137242 
-12.6373 2.85172 0.137034 
-12.6445 2.85282 0.137434 
-12.6486 2.84744 0.139607 
-12.6486 2.84743 0.139612 
-12.6354 2.84715 0.136252 
-12.6523 2.85092 0.137288 
-12.6442 2.82982 0.142266 
-12.6457 2.8256 0.145028 
-12.6431 2.83972 0.138007 
-12.6451 2.82607 0.143541 
-12.6451 2.82602 0.143554 
-12.6442 2.83759 0.138515 
-12.6418 2.84381 0.134536 
-12.652 2.86073 0.131029 
-12.6384 2.84515 0.135422 
-12.6372 2.85038 0.134599 
-12.6515 2.85363 0.136849 
-12.6515 2.85363 0.136855 
-12.6486 2.84275 0.136009 
-12.641 2.84067 0.138207 
-12.6515 2.85349 0.136306 
-12.6428 2.84888 0.134544 
-12.6428 2.84888 0.134541 
-12.6482 2.84084 0.141862 
-12.6383 2.85059 0.134783 
-12.6588 2.83612 0.138595 
-12.6477 2.83265 0.141422 
-12.6508 2.84701 0.13318 
-12.6477 2.83917 0.137043 
-12.6477 2.83916 0.137044 
-12.6363 2.84651 0.13425 
-12.649 2.83787 0.137197 
-12.645 2.8382 0.138837 
-12.6529 2.82587 0.147489 
-12.6484 2.83719 0.138389 
-12.6316 2.85059 0.131285 
-12.6318 2.85068 0.131255 
-12.6285 2.83131 0.142114 
-12.6331 2.85098 0.133118 
-12.6403 2.8381 0.138034 
-12.6413 2.82397 0.146049 
-12.6552 2.84797 0.131985 
-12.6552 2.84795 0.131989 
-12.6506 2.81723 0.146121 
-12.6495 2.83926 0.137059 
-12.6447 2.85178 0.132653 
-12.6343 2.83105 0.131546 
-12.603 2.85685 0.137549 
-12.6042 2.84588 0.141057 
-12.5663 2.87391 0.130275 
-12.5239 2.85804 0.132901 
-12.4704 2.86491 0.126317 
-12.4039 2.87478 0.0915402 
-12.3616 2.87606 0.048311 
-12.313 2.84669 0.0176503 
-12.3161 2.85188 0.0139688 
-12.2494 2.83765 -0.0161136 
-12.2482 2.83815 -0.0160892 
-12.1103 2.84471 -0.0770689 
-12.0667 2.80148 -0.0855005 
-12.0678 2.81056 -0.088647 
-12.01 2.77259 -0.0990504 
-11.9922 2.76511 -0.116022 
-11.9574 2.76475 -0.114669 
-11.8616 2.75913 -0.138807 
-11.8306 2.7533 -0.136179 
-11.7635 2.75491 -0.150456 
-11.7492 2.75834 -0.151785 
-11.6521 2.71943 -0.157323 
-11.5996 2.74019 -0.172267 
-11.5345 2.70065 -0.168976 
-11.5344 2.70066 -0.168971 
-11.46 2.69361 -0.17316 
-11.4213 2.67807 -0.170897 
-11.3647 2.66924 -0.172588 
-11.3707 2.66575 -0.180133 
-11.2811 2.66538 -0.182927 
-11.214 2.62708 -0.170563 
-11.1163 2.64484 -0.182897 
-11.1217 2.58194 -0.160458 
-11.0163 2.59719 -0.167718 
-11.0159 2.59768 -0.16779 
-10.9495 2.60197 -0.176066 
-10.9471 2.60329 -0.184819 
-10.9243 2.58982 -0.187859 
-10.8639 2.53974 -0.164071 
-10.7525 2.53741 -0.164518 
-10.7468 2.54544 -0.168336 
-10.6869 2.54314 -0.170422 
-10.6186 2.5215 -0.165077 
-10.5549 2.49687 -0.160152 
-10.4717 2.51002 -0.172035 
-10.4716 2.51007 -0.172012 
-10.3916 2.48319 -0.162364 
-10.3656 2.49003 -0.176012 
-10.3292 2.48278 -0.181348 
-10.2553 2.46571 -0.176369 
-10.1879 2.46389 -0.179047 
-10.1465 2.46473 -0.186268 
-10.1432 2.46285 -0.184607 
-10.1456 2.46338 -0.185435 
-10.0279 2.45394 -0.194751 
-10.1093 2.41238 -0.177111 
-10.0958 2.41495 -0.183014 
-10.0608 2.39843 -0.184627 
-9.99951 2.36883 -0.171699 
-9.91257 2.37464 -0.177205 
-9.90976 2.38529 -0.177838 
-9.81905 2.36829 -0.19039 
-9.7942 2.35724 -0.178304 
-9.73406 2.34252 -0.173829 
-9.73233 2.31147 -0.176122 
-9.62142 2.32955 -0.17342 
-9.61975 2.34322 -0.181726 
-9.59195 2.30688 -0.16567 
-9.50061 2.32979 -0.177329 
-9.38337 2.30941 -0.166822 
-9.38965 2.28515 -0.162118 
-9.32522 2.29354 -0.164682 
-9.30461 2.30566 -0.173095 
-9.25023 2.24051 -0.163511 
-9.19995 2.26478 -0.177573 
-9.13934 2.24238 -0.161875 
-9.13827 2.24648 -0.160298 
-9.03126 2.23156 -0.172068 
-9.00981 2.20983 -0.162925 
-9.01073 2.20946 -0.162796 
-8.84051 2.20627 -0.165063 
-8.85162 2.17934 -0.166508 
-8.7785 2.19464 -0.168186 
-8.73175 2.18578 -0.178394 
-8.70427 2.15993 -0.17056 
-8.64683 2.14332 -0.165372 
-8.63826 2.14337 -0.165457 
-8.57662 2.15377 -0.16833 
-8.50375 2.13612 -0.175692 
-8.45671 2.14809 -0.16254 
-8.38047 2.11553 -0.168223 
-8.29838 2.10349 -0.162655 
-8.21991 2.08276 -0.157426 
-8.21966 2.08291 -0.157426 
-8.17899 2.08678 -0.165678 
-8.13135 2.07479 -0.177185 
-8.13081 2.07437 -0.177049 
-8.0788 2.06514 -0.177492 
-7.97443 2.04353 -0.174379 
-7.9715 2.04385 -0.174181 
-7.91525 2.03453 -0.178604 
-7.84454 2.03051 -0.180839 
-7.77153 2.01437 -0.178817 
-7.70873 1.97333 -0.179087 
-7.71977 1.98716 -0.17853 
-7.67449 1.98688 -0.171128 
-7.63573 1.98183 -0.168028 
-7.54881 1.94845 -0.180582 
-7.48764 1.96387 -0.176641 
-7.44979 1.94552 -0.169472 
-7.36079 1.91821 -0.157366 
-7.33667 1.91809 -0.164861 
-7.34107 1.9183 -0.163976 
-7.25074 1.90845 -0.162176 
-7.20863 1.89481 -0.159539 
-7.16673 1.9101 -0.180819 
-7.05682 1.89243 -0.172364 
-7.02756 1.86614 -0.170666 
-6.96359 1.85477 -0.168009 
-6.96343 1.85497 -0.167986 
-6.91937 1.87678 -0.178065 
-6.9191 1.87743 -0.178297 
-6.81528 1.86781 -0.183791 
-6.74176 1.83944 -0.175481 
-6.74157 1.83362 -0.172214 
-6.74803 1.83657 -0.171849 
-6.59944 1.84342 -0.188607 
-6.5522 1.78417 -0.178076 
-6.55097 1.78757 -0.177721 
-6.45315 1.79586 -0.184353 
-6.38556 1.75266 -0.158589 
-6.34868 1.74587 -0.155088 
-6.32123 1.74814 -0.167381 
-6.2622 1.73699 -0.161092 
-6.19659 1.72927 -0.16081 
-6.15737 1.72765 -0.171197 
-6.0891 1.70248 -0.161316 
-6.06069 1.73053 -0.168968 
-6.04471 1.71584 -0.173829 
-5.96182 1.68652 -0.161036 
-5.90188 1.66669 -0.161649 
-5.83971 1.67858 -0.164929 
-5.79843 1.69039 -0.16516 
-5.69812 1.68285 -0.167763 
-5.64241 1.68498 -0.168568 
-5.6385 1.63969 -0.1507 
-5.57909 1.62215 -0.141258 
-5.56443 1.64266 -0.15385 
-5.50102 1.65913 -0.154021 
-5.43548 1.61672 -0.150965 
-5.42458 1.61549 -0.147944 
-5.34825 1.60954 -0.144781 
-5.28276 1.61005 -0.148695 
-5.24634 1.60985 -0.146319 
-5.19826 1.58393 -0.142776 
-5.11405 1.5774 -0.144398 
-5.07235 1.56992 -0.146318 
-5.07291 1.57015 -0.146516 
-5.01667 1.57473 -0.148808 
-4.98667 1.53842 -0.13327 
-4.91972 1.54579 -0.141698 
-4.86271 1.55301 -0.149831 
-4.80246 1.5254 -0.140599 
-4.77087 1.52734 -0.139912 
-4.70967 1.51478 -0.158383 
-4.65018 1.50632 -0.154817 
-4.61236 1.49304 -0.140773 
-4.5353 1.49119 -0.159786 
-4.48969 1.48973 -0.144418 
-4.40105 1.52645 -0.159371 
-4.39437 1.50437 -0.164279 
-4.3368 1.46199 -0.154582 
-4.28571 1.42982 -0.146128 
-4.24147 1.4559 -0.152858 
-4.18961 1.44443 -0.145339 
-4.14857 1.43111 -0.150205 
-4.07836 1.41717 -0.135374 
-4.05507 1.4198 -0.134426 
-3.97747 1.4378 -0.146298 
-3.89272 1.43539 -0.144499 
-3.89587 1.44238 -0.139945 
-3.83906 1.42725 -0.142047 
-3.7882 1.39824 -0.136478 
-3.78833 1.39864 -0.136645 
-3.7172 1.38097 -0.151204 
-3.66492 1.36784 -0.147417 
-3.60637 1.36719 -0.141687 
-3.54109 1.367 -0.142838 
-3.48571 1.34512 -0.144922 
-3.43063 1.33771 -0.145537 
-3.43 1.33908 -0.145705 
-3.3728 1.31563 -0.153803 
-3.29253 1.32924 -0.155858 
-3.24789 1.30451 -0.146376 
-3.1883 1.27622 -0.145803 
-3.13139 1.28517 -0.147466 
-3.07441 1.27557 -0.155351 
-3.07299 1.27494 -0.155058 
-3.01765 1.27158 -0.14614 
-2.94985 1.26058 -0.143623 
-2.88783 1.25908 -0.143893 
-2.82385 1.23939 -0.137694 
-2.75368 1.23594 -0.139557 
-2.75329 1.2362 -0.139467 
-2.71093 1.22865 -0.148123 
-2.64561 1.19393 -0.143248 
-2.5885 1.21343 -0.141992 
-2.50479 1.20264 -0.144146 
-2.47269 1.19348 -0.141512 
-2.47208 1.19433 -0.142028 
-2.41664 1.18523 -0.139444 
-2.34248 1.17444 -0.143316 
-2.31977 1.16324 -0.141894 
-2.23311 1.16196 -0.143159 
-2.20705 1.15738 -0.140913 
-2.207 1.15741 -0.140894 
-2.12234 1.1612 -0.140286 
-2.06578 1.13328 -0.144715 
-1.99327 1.13295 -0.149216 
-1.93941 1.11565 -0.140446 
-1.87668 1.10804 -0.142731 
-1.8346 1.11008 -0.142552 
-1.7977 1.11325 -0.142154 
-1.76787 1.09837 -0.138724 
-1.7103 1.09168 -0.143549 
-1.62818 1.08139 -0.145885 
-1.59298 1.07908 -0.134681 
-1.54118 1.06633 -0.146369 
-1.4845 1.06188 -0.143975 
-1.48419 1.06165 -0.144354 
-1.44331 1.0543 -0.143893 
-1.36202 1.04285 -0.148328 
-1.33452 1.03074 -0.144876 
-1.32411 1.00871 -0.153641 
-1.26726 1.01615 -0.146831 
-1.2403 1.01581 -0.146119 
-1.19889 1.00975 -0.149276 
-1.14078 1.00599 -0.142103 
-1.07585 0.990873 -0.140215 
-1.02453 0.989502 -0.134558 
-0.937216 0.976925 -0.138848 
-0.882596 0.967528 -0.138043 
-0.842481 0.966545 -0.139587 
-0.764217 0.952327 -0.143195 
-0.687385 0.943008 -0.14457 
-0.660667 0.96641 -0.140461 
-0.577428 0.929353 -0.146342 
-0.51597 0.919924 -0.147499 
-0.514043 0.919504 -0.148351 
-0.492635 0.913745 -0.140963 
-0.433176 0.904338 -0.137136 
-0.381308 0.89742 -0.135804 
-0.300433 0.891356 -0.142436 
-0.201132 0.877095 -0.136823 
-0.197396 0.885995 -0.12898 
-0.19373 0.883554 -0.130138 
-0.13262 0.878344 -0.134069 
-0.0778723 0.869283 -0.134963 
-0.00266945 0.866265 -0.133988 
0.0341257 0.855291 -0.138204 
0.0914078 0.844827 -0.1338 
0.0919619 0.844427 -0.133963 
0.173256 0.832918 -0.134148 
0.217508 0.831245 -0.139593 
0.257515 0.818922 -0.127757 
0.34347 0.803417 -0.135853 
0.401967 0.796806 -0.133687 
0.453412 0.798556 -0.134949 
0.45331 0.79852 -0.134923 
0.499482 0.776395 -0.12811 
0.550758 0.786136 -0.132423 
0.634707 0.778186 -0.137795 
0.691434 0.764543 -0.137636 
0.742706 0.757445 -0.134303 
0.742674 0.75751 -0.134296 
0.809671 0.754644 -0.136215 
0.87806 0.744863 -0.141224 
0.922525 0.736257 -0.13305 
0.983368 0.72771 -0.133161 
1.05671 0.715398 -0.135164 
1.08884 0.718584 -0.132521 
1.08853 0.718503 -0.132527 
1.17128 0.70296 -0.14109 
1.2284 0.705975 -0.125541 
1.29765 0.693933 -0.138256 
1.353 0.677658 -0.128632 
1.40982 0.676912 -0.134066 
1.46821 0.671568 -0.138624 
1.46826 0.671495 -0.138639 
1.49585 0.665584 -0.133112 
1.60507 0.657685 -0.149703 
1.63955 0.647625 -0.137125 
1.67243 0.639916 -0.135691 
1.70916 0.629397 -0.139232 
1.73215 0.628493 -0.137945 
1.81453 0.624415 -0.144535 
1.86335 0.614084 -0.136067 
1.93744 0.596095 -0.144069 
2.0056 0.594167 -0.138046 
2.08195 0.594072 -0.152241 
2.08533 0.580687 -0.150883 
2.15045 0.569823 -0.152637 
2.18364 0.550695 -0.141356 
2.23446 0.555936 -0.143747 
2.29459 0.512589 -0.137818 
2.34604 0.493543 -0.135261 
2.3731 0.529117 -0.13725 
2.45831 0.526319 -0.134141 
2.52714 0.533157 -0.136601 
2.60407 0.538959 -0.141817 
2.62259 0.526865 -0.150271 
2.6733 0.505783 -0.171224 
2.73997 0.499795 -0.205729 
2.81555 0.505684 -0.205062 
2.84342 0.476024 -0.245816 
2.86484 0.439265 -0.295479 
2.91326 0.393132 -0.324643 
2.90088 0.371037 -0.383429 
2.92089 0.329823 -0.448657 
2.99115 0.294451 -0.506637 
2.99103 0.294366 -0.507047 
3.11195 0.220019 -0.537807 
3.18607 0.216915 -0.586219 
3.18765 0.247509 -0.586705 
3.27692 0.098486 -0.664076 
3.27816 0.0982911 -0.663993 
3.29682 0.0994903 -0.729248 
3.33173 0.0461681 -0.781539 
3.34877 -0.0309321 -0.827242 
3.39909 -0.122003 -0.870836 
3.3876 -0.171363 -0.914995 
3.43255 -0.224186 -0.948644 
3.45855 -0.196839 -0.952428 
3.54278 -0.210137 -0.985879 
3.58772 -0.262452 -1.00864 
3.59431 -0.280176 -1.02712 
3.61623 -0.420951 -1.03442 
3.56412 -0.429127 -1.03381 
3.60373 -0.442477 -1.06191 
3.60485 -0.52677 -1.0692 
3.61552 -0.59077 -1.07986 
3.64566 -0.62848 -1.09315 
3.66889 -0.731277 -1.08978 
3.67272 -0.773916 -1.09539 
3.70223 -0.815919 -1.09948 
3.7132 -0.8042 -1.10124 
3.74408 -0.876864 -1.09666 
3.77579 -0.941952 -1.0965 
3.79838 -0.968493 -1.09645 
3.83334 -1.01267 -1.09737 
3.85092 -1.06031 -1.09833 
3.87013 -0.988785 -1.1101 
3.88946 -1.06454 -1.10653 
3.92884 -1.10901 -1.10512 
3.95781 -1.19671 -1.1048 
3.98514 -1.22208 -1.11014 
4.01435 -1.26749 -1.1179 
4.04077 -1.31343 -1.11836 
4.04421 -1.36057 -1.11829 
4.06895 -1.40663 -1.12151 
4.09557 -1.45159 -1.11973 
4.11394 -1.49755 -1.11851 
4.1424 -1.54277 -1.11974 
4.16767 -1.58805 -1.12212 
4.19692 -1.6334 -1.12261 
4.20046 -1.68075 -1.12255 
4.22254 -1.72729 -1.12423 
4.24857 -1.77326 -1.11776 
4.28224 -1.81829 -1.12761 
4.29924 -1.86444 -1.12093 
4.32319 -1.91018 -1.12479 
4.32687 -1.95816 -1.12473 
4.35173 -2.0039 -1.12941 
4.37788 -2.04923 -1.12579 
4.39796 -2.09545 -1.13324 
4.4221 -2.14071 -1.12654 
4.45212 -2.18657 -1.12907 
4.48308 -2.23206 -1.12723 
4.48306 -2.23219 -1.1272 
4.51067 -2.27841 -1.12788 
4.53076 -2.32512 -1.13667 
4.5614 -2.35856 -1.14239 
4.582 -2.45465 -1.13948 
4.60422 -2.44516 -1.15336 
4.60406 -2.44436 -1.1535 
4.62751 -2.55163 -1.15256 
4.64408 -2.6158 -1.15717 
4.6746 -2.66199 -1.17226 
4.69539 -2.70947 -1.18819 
4.70146 -2.75893 -1.19952 
4.71224 -2.78662 -1.20544 
4.71386 -2.80839 -1.20543 
4.7235 -2.82228 -1.2222 
4.73903 -2.87529 -1.24228 
4.73748 -2.89446 -1.25483 
4.72149 -2.83078 -1.25497 
4.72385 -2.86137 -1.25246 
4.73367 -2.88036 -1.25841 
4.7336 -2.88068 -1.25835 
4.72871 -2.7995 -1.25805 
4.72527 -2.81113 -1.25522 
4.72993 -2.87815 -1.25693 
4.75358 -2.85397 -1.26358 
4.71828 -2.85668 -1.25107 
4.71824 -2.85664 -1.25105 
4.72356 -2.87655 -1.25391 
4.71601 -2.78893 -1.25026 
4.7241 -2.89726 -1.25627 
4.72484 -2.82298 -1.25719 
4.71897 -2.82501 -1.25377 
4.71902 -2.82567 -1.25385 
4.72691 -2.88157 -1.2562 
4.7288 -2.8801 -1.25775 
4.7314 -2.88321 -1.25805 
4.72895 -2.88338 -1.25762 
4.72662 -2.88358 -1.25547 
4.72461 -2.88376 -1.25216 
4.72457 -2.88378 -1.25215 
4.73179 -2.88322 -1.26126 
4.717 -2.79709 -1.25094 
4.72715 -2.86839 -1.25588 
4.71751 -2.78168 -1.25054 
4.73814 -2.89789 -1.26263 
4.73809 -2.8981 -1.2626 
4.73749 -2.90143 -1.26264 
4.73107 -2.89143 -1.25888 
4.73232 -2.89045 -1.25929 
4.71453 -2.83111 -1.2524 
4.73533 -2.91235 -1.26265 
4.72345 -2.80979 -1.25507 
4.72353 -2.81002 -1.25513 
4.72748 -2.86422 -1.25757 
4.72757 -2.82825 -1.25892 
4.71987 -2.82887 -1.2536 
4.71686 -2.79783 -1.25301 
4.73001 -2.88715 -1.2572 
4.72998 -2.88735 -1.25717 
4.73071 -2.88889 -1.25852 
4.73427 -2.8875 -1.25999 
4.73385 -2.88959 -1.26 
4.72786 -2.86003 -1.25731 
4.72911 -2.87678 -1.25654 
4.72829 -2.79765 -1.25635 
4.72834 -2.7977 -1.25637 
4.72369 -2.79807 -1.26064 
