# robot.pose.x robot.pose.y robot.pose.theta 
-12.3921 2.92194 0.0379071 
-12.6091 2.8953 0.0574651 
-12.6041 2.8842 0.0623263 
-12.6226 2.92591 0.0483988 
-12.6081 2.90391 0.0567603 
-12.6009 2.88598 0.0589538 
-12.6007 2.85595 0.0525594 
-12.6019 2.85647 0.06162 
-12.6018 2.85638 0.0616021 
-12.6161 2.86375 0.0613035 
-12.5968 2.85302 0.0639733 
-12.6 2.83457 0.069141 
-12.5948 2.83405 0.0561237 
-12.6033 2.84503 0.0654426 
-12.6033 2.84462 0.0654685 
-12.5961 2.83865 0.0668452 
-12.6084 2.86771 0.0574767 
-12.6061 2.84603 0.0652617 
-12.5955 2.83831 0.0698606 
-12.6017 2.85699 0.0630295 
-12.6054 2.88738 0.0590396 
-12.6039 2.91004 0.0528726 
-12.6188 2.89658 0.0571971 
-12.6086 2.89764 0.0582202 
-12.6076 2.89956 0.0573202 
-12.6174 2.88123 0.063809 
-12.6075 2.90061 0.0559434 
-12.6075 2.90072 0.0559143 
-12.606 2.88746 0.0615054 
-12.6094 2.88433 0.0617951 
-12.6132 2.89232 0.0566568 
-12.6046 2.89444 0.0594266 
-12.6109 2.87077 0.0663531 
-12.6123 2.87073 0.0659609 
-12.6034 2.86455 0.0525305 
-12.5909 2.89605 0.0533711 
-12.6032 2.8909 0.0605541 
-12.6009 2.89925 0.0523438 
-12.6046 2.90414 0.0551002 
-12.6034 2.88913 0.060988 
-12.6033 2.8892 0.0609751 
-12.6018 2.89929 0.0568952 
-12.6075 2.87247 0.0642765 
-12.6065 2.89108 0.0574163 
-12.6055 2.90943 0.0542575 
-12.6162 2.89852 0.0578945 
-12.6043 2.904 0.0569365 
-12.6043 2.90406 0.0569319 
-12.6053 2.89691 0.058736 
-12.6013 2.88808 0.0591945 
-12.606 2.89216 0.0607445 
-12.6063 2.91095 0.0522107 
-12.5981 2.90415 0.0508296 
-12.5981 2.90416 0.0508098 
-12.6024 2.89878 0.0579852 
-12.6097 2.90727 0.0545331 
-12.6071 2.90332 0.0580399 
-12.6088 2.90324 0.0562327 
-12.5994 2.89723 0.0554134 
-12.5995 2.89723 0.0554138 
-12.5875 2.8961 0.0544814 
-12.6083 2.8816 0.0614436 
-12.6074 2.91334 0.0535042 
-12.6087 2.89533 0.058462 
-12.6061 2.9105 0.0535934 
-12.6042 2.8817 0.0655028 
-12.598 2.89491 0.0566453 
-12.6071 2.87785 0.0630657 
-12.6003 2.8883 0.0585018 
-12.6065 2.89022 0.0593494 
-12.6063 2.8792 0.0647901 
-12.6041 2.88502 0.0605029 
-12.5999 2.88512 0.0517418 
-12.6 2.88503 0.0517316 
-12.6076 2.87562 0.062406 
-12.6014 2.93054 0.043971 
-12.6039 2.89946 0.057404 
-12.5991 2.91305 0.0526585 
-12.6152 2.89078 0.0607692 
-12.6152 2.89077 0.0607779 
-12.5933 2.90003 0.0487126 
-12.6073 2.89238 0.0586759 
-12.604 2.87909 0.0601795 
-12.6047 2.89318 0.0577049 
-12.6086 2.89232 0.062646 
-12.6086 2.89238 0.0626411 
-12.6 2.89766 0.0579149 
-12.6053 2.90532 0.0580961 
-12.5997 2.87613 0.0675343 
-12.598 2.90899 0.0542718 
-12.603 2.90069 0.0578576 
-12.5997 2.90604 0.0551061 
-12.607 2.89305 0.0594659 
-12.5976 2.89777 0.0581649 
-12.6054 2.90687 0.0556099 
-12.5953 2.89697 0.0540804 
-12.6039 2.89662 0.0553155 
-12.6035 2.89323 0.0599531 
-12.6035 2.89325 0.0599521 
-12.6088 2.90452 0.0549211 
-12.5971 2.91336 0.0523021 
-12.595 2.90048 0.0551246 
-12.609 2.89742 0.0580725 
-12.6062 2.89864 0.0576418 
-12.6072 2.88272 0.0637741 
-12.6057 2.87519 0.0631406 
-12.6088 2.8978 0.0570591 
-12.604 2.89424 0.0560889 
-12.6113 2.88818 0.062177 
-12.6073 2.88348 0.0633157 
-12.6131 2.87319 0.0657749 
-12.6029 2.86895 0.0647029 
-12.6029 2.86896 0.0647052 
-12.601 2.90358 0.0529624 
-12.614 2.8706 0.0685679 
-12.5989 2.89372 0.0558939 
-12.6068 2.8846 0.0597218 
-12.6008 2.91607 0.0517243 
-12.6047 2.90886 0.0544518 
-12.6098 2.88772 0.0587583 
-12.6062 2.89499 0.0605322 
-12.5942 2.91422 0.0518303 
-12.603 2.8955 0.0590575 
-12.6016 2.8904 0.0579529 
-12.6016 2.89048 0.0579542 
-12.6081 2.8708 0.0655695 
-12.5999 2.89022 0.0565229 
-12.6006 2.92318 0.0494616 
-12.6129 2.88888 0.0613163 
-12.6042 2.90983 0.0524813 
-12.6039 2.92769 0.046989 
-12.616 2.9332 0.0449815 
-12.608 2.91273 0.0520597 
-12.6134 2.90248 0.0566976 
-12.6085 2.90463 0.0549126 
-12.6097 2.89641 0.0583316 
-12.615 2.88955 0.0619938 
-12.6151 2.88955 0.0619957 
-12.6079 2.87654 0.0623646 
-12.6066 2.88802 0.0574927 
-12.596 2.88418 0.0588049 
-12.5995 2.87996 0.0602018 
-12.6035 2.92251 0.0506438 
-12.6061 2.87741 0.0650774 
-12.6051 2.87061 0.0647055 
-12.6024 2.88599 0.0582273 
-12.6026 2.89978 0.0582972 
-12.6056 2.88366 0.0598395 
-12.6152 2.87632 0.0667107 
-12.604 2.89435 0.0551304 
-12.6 2.88744 0.0581018 
-12.6 2.88743 0.0581009 
-12.6054 2.89298 0.0571182 
-12.6069 2.90115 0.055897 
-12.601 2.91434 0.0520094 
-12.6077 2.87403 0.0630403 
-12.6077 2.87502 0.062736 
-12.6096 2.88337 0.0609651 
-12.587 2.89409 0.0438662 
-12.6107 2.90502 0.0527372 
-12.6108 2.89746 0.05452 
-12.6136 2.88719 0.0593481 
-12.623 2.89785 0.0582285 
-12.6231 2.89808 0.0582288 
-12.6215 2.88871 0.0604807 
-12.6135 2.87816 0.062031 
-12.6158 2.89785 0.05646 
-12.6129 2.88033 0.0616351 
-12.6178 2.89046 0.0608166 
-12.6161 2.89657 0.0579477 
-12.6166 2.88872 0.0607128 
-12.6139 2.87916 0.0621598 
-12.615 2.88144 0.060103 
-12.6179 2.88532 0.0624435 
-12.6154 2.88259 0.0603339 
-12.6143 2.87005 0.0651179 
-12.6141 2.86961 0.0651147 
-12.6075 2.92269 0.0500124 
-12.6084 2.90851 0.0524163 
-12.6133 2.89944 0.0572877 
-12.6127 2.88295 0.0612528 
-12.6116 2.91279 0.0524921 
-12.6096 2.89805 0.058762 
-12.607 2.88996 0.0584102 
-12.6066 2.86882 0.0645679 
-12.6097 2.90361 0.0548613 
-12.6045 2.89091 0.0597444 
-12.6068 2.90502 0.0539295 
-12.6088 2.8947 0.0588189 
-12.6095 2.89676 0.0584517 
-12.6015 2.90798 0.0544536 
-12.601 2.87962 0.0651315 
-12.6077 2.90655 0.0551757 
-12.5988 2.89572 0.0582175 
-12.6018 2.90266 0.0559784 
-12.6001 2.87746 0.06113 
-12.6 2.87848 0.0607805 
-12.5998 2.90369 0.0536484 
-12.6092 2.89273 0.0601246 
-12.6055 2.9135 0.0536333 
-12.6129 2.90019 0.0572796 
-12.6089 2.89749 0.0575232 
-12.5981 2.89158 0.0582625 
-12.5981 2.89157 0.058265 
-12.5982 2.89833 0.0576028 
-12.599 2.89409 0.0594518 
-12.5972 2.89178 0.0597924 
-12.5983 2.9006 0.0563377 
-12.5988 2.89355 0.0604976 
-12.599 2.90134 0.0577837 
-12.5918 2.89403 0.0488992 
-12.598 2.90151 0.0572658 
-12.5991 2.90192 0.0564852 
-12.597 2.87851 0.0639007 
-12.5996 2.89364 0.0583959 
-12.5996 2.89366 0.0583945 
-12.6099 2.90099 0.0576613 
-12.5962 2.90361 0.0539781 
-12.5928 2.88186 0.0618937 
-12.5895 2.89001 0.0566786 
-12.595 2.90585 0.0531153 
-12.6048 2.89992 0.0575771 
-12.6048 2.89988 0.0575775 
-12.5951 2.90757 0.0549429 
-12.5935 2.91366 0.0530683 
-12.5951 2.89491 0.0587314 
-12.5977 2.89839 0.0565835 
-12.5705 2.90254 0.043847 
-12.5727 2.90302 0.0428365 
-12.5381 2.88401 0.0411865 
-12.5034 2.90378 -0.0032677 
-12.492 2.87965 -0.0132431 
-12.4315 2.84393 -0.0302594 
-12.3677 2.84719 -0.0627953 
-12.3677 2.8472 -0.0628017 
-12.3095 2.8768 -0.0979087 
-12.2642 2.81885 -0.0949293 
-12.2627 2.81921 -0.0955174 
-12.1451 2.79791 -0.124512 
-12.096 2.80706 -0.1441 
-12.0329 2.77905 -0.144247 
-12.0329 2.77909 -0.14422 
-11.965 2.78699 -0.159763 
-11.9415 2.76619 -0.16053 
-11.9104 2.76513 -0.158955 
-11.8565 2.77686 -0.163547 
-11.7885 2.76329 -0.171415 
-11.6888 2.7564 -0.172618 
-11.6489 2.73252 -0.166734 
-11.6089 2.72084 -0.172556 
-11.551 2.71235 -0.170793 
-11.5052 2.70812 -0.178181 
-11.5074 2.7109 -0.179806 
-11.4441 2.69774 -0.177833 
-11.3936 2.6714 -0.166193 
-11.329 2.66986 -0.173341 
-11.2455 2.66342 -0.173652 
-11.2517 2.64474 -0.171687 
-11.1463 2.62155 -0.164406 
-11.1061 2.60621 -0.162687 
-11.1007 2.60545 -0.162875 
-11.0395 2.59456 -0.15916 
-10.9795 2.60403 -0.170753 
-10.9201 2.61071 -0.182559 
-10.8583 2.57187 -0.171313 
-10.7492 2.58499 -0.181776 
-10.7167 2.56447 -0.17843 
-10.7452 2.53946 -0.165954 
-10.6693 2.56615 -0.184056 
-10.6102 2.55519 -0.181379 
-10.5477 2.5316 -0.175895 
-10.5476 2.53161 -0.175892 
-10.5071 2.52878 -0.181052 
-10.4411 2.49474 -0.1627 
-10.3708 2.47948 -0.170368 
-10.3591 2.49329 -0.184947 
-10.2822 2.48052 -0.176036 
-10.2838 2.83238 -0.162883 
-10.1745 2.82519 -0.174589 
-10.1778 2.83687 -0.175466 
-10.1406 2.82834 -0.174043 
-10.1031 2.81903 -0.176749 
-9.9999 2.79416 -0.18185 
-9.92269 2.78221 -0.180228 
-9.88544 2.77845 -0.188363 
-9.79497 2.73938 -0.19694 
-9.74073 2.73567 -0.192797 
-9.73996 2.74314 -0.193232 
-9.67744 2.73168 -0.1978 
-9.63273 2.70988 -0.2022 
-9.55879 2.71258 -0.19898 
-9.49503 2.64062 -0.200209 
-9.46279 2.68237 -0.201096 
-9.46347 2.68245 -0.201322 
-9.39341 2.66024 -0.206962 
-9.33381 2.66345 -0.209745 
-9.26808 2.62202 -0.197968 
-9.21306 2.60881 -0.194389 
-9.16454 2.62048 -0.201953 
-9.1646 2.62046 -0.201854 
-9.0895 2.58406 -0.199787 
-9.05851 2.58524 -0.202694 
-8.97891 2.59355 -0.203887 
-8.92852 2.56612 -0.205958 
-8.88008 2.56301 -0.205231 
-8.80737 2.54767 -0.214873 
-8.81709 2.55106 -0.21131 
-8.75548 2.54166 -0.213329 
-8.71664 2.5127 -0.205505 
-8.63593 2.51264 -0.210427 
-8.58724 2.50099 -0.208392 
-8.52917 2.49025 -0.207328 
-8.46387 2.48488 -0.212137 
-8.46389 2.48473 -0.212099 
-8.40076 2.46846 -0.215481 
-8.33104 2.45435 -0.220605 
-8.2814 2.42532 -0.204281 
-8.24265 2.4232 -0.201119 
-8.18066 2.41365 -0.204842 
-8.18091 2.41364 -0.204875 
-8.13936 2.40445 -0.202493 
-8.05032 2.39188 -0.197542 
-8.00143 2.39527 -0.204027 
-7.94217 2.38114 -0.199662 
-7.94245 2.38122 -0.199716 
-7.8653 2.36179 -0.187092 
-7.8265 2.34944 -0.194884 
-7.76451 2.34109 -0.194423 
-7.71054 2.33035 -0.195295 
-7.66535 2.30901 -0.189301 
-7.599 2.30299 -0.189499 
-7.54129 2.29631 -0.189714 
-7.54136 2.29762 -0.19056 
-7.46491 2.28294 -0.193088 
-7.41014 2.28798 -0.197844 
-7.35803 2.2653 -0.188034 
-7.30368 2.26703 -0.195424 
-7.22633 2.24455 -0.188512 
-7.20783 2.25112 -0.189707 
-7.17158 2.24581 -0.187533 
-7.08709 2.2251 -0.185127 
-7.02469 2.22273 -0.187563 
-6.99888 2.20724 -0.185026 
-6.87994 2.19537 -0.178469 
-6.86616 2.16631 -0.181608 
-6.82169 2.17657 -0.185157 
-6.78978 2.17144 -0.182022 
-6.76952 2.15452 -0.1784 
-6.71575 2.13265 -0.16906 
-6.72552 2.13205 -0.16874 
-6.65601 2.13492 -0.177706 
-6.5346 2.11963 -0.178849 
-6.53499 2.11969 -0.178795 
-6.48036 2.10736 -0.179528 
-6.4806 2.10569 -0.178948 
-6.36846 2.08991 -0.180357 
-6.30904 2.07188 -0.171906 
-6.21282 2.03923 -0.172221 
-6.14868 2.04721 -0.178788 
-6.13401 2.05785 -0.179324 
-6.05636 2.0359 -0.170936 
-5.98776 2.02745 -0.171605 
-5.9015 2.02816 -0.174404 
-5.87773 2.01067 -0.175589 
-5.81568 2.0056 -0.184769 
-5.80453 2.00419 -0.183798 
-5.76582 2.00084 -0.192245 
-5.66913 2.0007 -0.215651 
-5.65746 1.95293 -0.209564 
-5.60722 1.94321 -0.219219 
-5.52821 1.94766 -0.22895 
-5.5285 1.94831 -0.229078 
-5.48038 1.95047 -0.225365 
-5.41323 1.91343 -0.221664 
-5.37594 1.89258 -0.21995 
-5.29843 1.87999 -0.215051 
-5.24073 1.84663 -0.210662 
-5.19899 1.82204 -0.204402 
-5.21472 1.80095 -0.199963 
-5.12997 1.83089 -0.214683 
-5.08047 1.81997 -0.216774 
-5.01572 1.81645 -0.223986 
-4.95429 1.8037 -0.227185 
-4.88225 1.77724 -0.222538 
-4.80551 1.77265 -0.225038 
-4.82074 1.77879 -0.228712 
-4.78801 1.79587 -0.24419 
-4.71514 1.75266 -0.226717 
-4.6635 1.72772 -0.224706 
-4.58918 1.68836 -0.209444 
-4.53408 1.70386 -0.223084 
-4.58912 1.71439 -0.230127 
-4.47086 1.68902 -0.22384 
-4.40634 1.68791 -0.228502 
-4.36014 1.67448 -0.231831 
-4.30071 1.65249 -0.228692 
-4.26111 1.63028 -0.224035 
-4.24587 1.6307 -0.22317 
-4.19158 1.61396 -0.229862 
-4.15298 1.6116 -0.239844 
-4.04358 1.59246 -0.224043 
-3.97726 1.59359 -0.235654 
-3.92601 1.57656 -0.233746 
-3.88469 1.56934 -0.240944 
-3.88598 1.56915 -0.240928 
-3.81232 1.54793 -0.231332 
-3.78645 1.53128 -0.237522 
-3.70481 1.5093 -0.227794 
-3.65605 1.51043 -0.233742 
-3.59397 1.49094 -0.223675 
-3.53785 1.47608 -0.22467 
-3.54926 1.47544 -0.224651 
-3.48489 1.46463 -0.229485 
-3.43389 1.45055 -0.227007 
-3.36333 1.43685 -0.231417 
-3.29699 1.42426 -0.235107 
-3.24718 1.40406 -0.233669 
-3.17834 1.39927 -0.233938 
-3.17882 1.39924 -0.233606 
-3.12538 1.38667 -0.226926 
-3.07666 1.36782 -0.22674 
-3.01969 1.3549 -0.222083 
-2.94341 1.34176 -0.221553 
-2.95642 1.3395 -0.223363 
-2.96326 1.29145 -0.246855 
-2.91434 1.27551 -0.236983 
-2.86882 1.2828 -0.242179 
-2.798 1.2482 -0.242067 
-2.73717 1.22987 -0.248617 
-2.67148 1.20841 -0.239414 
-2.6847 1.23271 -0.235082 
-2.62715 1.21869 -0.234142 
-2.54191 1.20865 -0.226686 
-2.49093 1.19944 -0.228278 
-2.40736 1.17931 -0.21511 
-2.36781 1.17684 -0.225522 
-2.36675 1.17715 -0.225769 
-2.30972 1.16951 -0.233772 
-2.25078 1.13424 -0.225646 
-2.18231 1.13708 -0.230937 
-2.12564 1.12217 -0.23329 
-2.06093 1.10035 -0.238729 
-2.0043 1.08969 -0.227377 
-1.99977 1.02017 -0.458473 
-2.00048 1.01857 -0.458091 
-1.99955 1.01883 -0.458004 
-1.99829 1.0238 -0.463862 
-2.00156 1.02533 -0.467481 
-1.99695 1.02213 -0.46781 
-1.99163 1.02198 -0.458351 
-2.00371 1.0201 -0.469997 
-2.00999 1.02368 -0.461659 
-2.01007 1.02371 -0.461694 
-1.99217 1.02878 -0.467718 
-2.00253 1.0216 -0.460528 
-1.9972 1.02506 -0.462425 
-1.99742 1.02205 -0.461742 
-1.99811 1.02229 -0.468813 
-1.99384 1.02446 -0.468231 
-2.01112 1.01601 -0.469445 
-2.02785 1.03233 -0.476531 
-2.04184 1.03249 -0.528323 
-2.08219 1.02672 -0.576283 
-2.10927 1.01824 -0.622014 
-2.1382 1.0301 -0.673501 
-2.13811 1.03005 -0.673497 
-2.16358 1.02156 -0.718051 
-2.20122 1.03795 -0.775562 
-2.21905 1.03474 -0.819626 
-2.25148 1.04064 -0.862372 
-2.28221 1.04964 -0.911879 
-2.28197 1.04963 -0.911925 
-2.2981 1.05329 -0.953297 
-2.32683 1.07876 -1.01407 
-2.34193 1.08709 -1.06087 
-2.3742 1.09916 -1.11096 
-2.39598 1.11493 -1.15627 
-2.39599 1.11495 -1.15627 
-2.41632 1.12044 -1.19536 
-2.43882 1.14785 -1.2468 
-2.46474 1.15418 -1.29674 
-2.48734 1.17559 -1.34476 
-2.55572 1.1927 -1.38369 
-2.51378 1.20611 -1.43366 
-2.51583 1.20605 -1.43334 
-2.55053 1.238 -1.48569 
-2.55369 1.24816 -1.52669 
-2.58874 1.27742 -1.57758 
-2.64413 1.31099 -1.62058 
-2.64265 1.34546 -1.66906 
-2.64341 1.34567 -1.66906 
-2.6484 1.36223 -1.73672 
-2.66759 1.37526 -1.80471 
-2.74268 1.39801 -1.88402 
-2.72132 1.41002 -1.94776 
-2.7417 1.4314 -2.02262 
-2.78031 1.43004 -2.09633 
-2.78054 1.43012 -2.0963 
-2.81735 1.4273 -2.16646 
-2.8527 1.42057 -2.23333 
-2.87972 1.3929 -2.29782 
-2.92794 1.37535 -2.38328 
-2.96953 1.35603 -2.45334 
-2.98729 1.365 -2.45634 
-3.03951 1.33426 -2.52704 
-3.10955 1.3326 -2.59875 
-3.17893 1.30239 -2.67295 
-3.24021 1.29517 -2.74473 
-3.29389 1.33008 -2.80802 
-3.36487 1.29147 -2.88844 
-3.37118 1.29469 -2.89369 
-3.41962 1.30351 -2.96811 
-3.52967 1.30564 -3.03318 
-3.56669 1.32083 -3.08261 
-3.58883 1.33939 -3.12822 
-3.63646 1.36051 3.1197 
-3.70263 1.36147 3.09111 
-3.7173 1.3679 3.08813 
-3.77316 1.37097 3.06989 
-3.8763 1.36041 3.03757 
-3.93362 1.37092 3.02644 
-3.95228 1.41099 3.02615 
-4.02501 1.40728 3.01058 
-4.01035 1.41055 3.01168 
-4.11468 1.38681 2.99319 
-4.13412 1.43486 2.99735 
-4.22408 1.42564 2.98672 
-4.25877 1.44209 2.98534 
-4.31727 1.46299 2.98338 
-4.39382 1.45672 2.97635 
-4.38428 1.45491 2.97568 
-4.47112 1.45733 2.97061 
-4.47933 1.49471 2.98042 
-4.54432 1.50263 2.97624 
-4.59363 1.5141 2.97664 
-4.65362 1.53112 2.97725 
-4.7314 1.53284 2.97246 
-4.73159 1.53274 2.97243 
-4.78209 1.54204 2.9726 
-4.8452 1.54728 2.97111 
-4.90605 1.55908 2.9721 
-4.94414 1.58229 2.97844 
-4.94407 1.58236 2.97848 
-5.00129 1.58614 2.97575 
-5.06596 1.59751 2.97632 
-5.14704 1.59036 2.97017 
-5.1989 1.60808 2.97227 
-5.25536 1.61363 2.97272 
-5.35268 1.62111 2.96194 
-5.38681 1.64129 2.9728 
-5.38708 1.64386 2.9751 
-5.44402 1.64709 2.9698 
-5.49058 1.66093 2.97108 
-5.55678 1.66941 2.9704 
-5.59511 1.69932 2.97766 
-5.59928 1.68605 2.97509 
-5.67844 1.68083 2.9639 
-5.72429 1.70144 2.96425 
-5.80898 1.69719 2.95715 
-5.81011 1.7418 2.974 
-5.90729 1.7323 2.96261 
-5.90734 1.73224 2.96262 
-5.97001 1.74085 2.96232 
-6.00625 1.7547 2.96523 
-6.07957 1.75933 2.96077 
-6.13557 1.77776 2.96135 
-6.20053 1.7857 2.95995 
-6.25929 1.79862 2.95747 
-6.25849 1.79518 2.95747 
-6.32668 1.80804 2.95508 
-6.40089 1.81501 2.95118 
-6.4297 1.83826 2.96211 
-6.46414 1.85034 2.96738 
-6.57629 1.84981 2.94928 
-6.61553 1.86471 2.95439 
-6.61608 1.86414 2.95355 
-6.6637 1.87128 2.95576 
-6.74617 1.8739 2.95012 
-6.80481 1.89145 2.94957 
-6.84005 1.90666 2.95552 
-6.92124 1.91866 2.94794 
-6.95544 1.92915 2.95504 
-6.95687 1.92903 2.95466 
-7.01485 1.93981 2.95787 
-7.07184 1.94881 2.96315 
-7.12086 1.96999 2.97516 
-7.20179 1.97315 2.97629 
-7.23337 1.97951 2.99622 
-7.23275 1.9795 2.99599 
-7.32502 1.96548 2.9948 
-7.39558 1.97883 3.00012 
-7.44101 1.98724 3.0358 
-7.49494 1.98684 3.06002 
-7.56041 1.97726 3.07019 
-7.59203 1.96149 3.09888 
-7.59198 1.96104 3.09889 
-7.6634 1.96613 3.11168 
-7.7336 1.9734 3.12002 
-7.79626 1.97566 3.12736 
-7.86066 1.97109 3.13588 
-7.9321 1.95853 3.13527 
-8.26535 1.94678 -3.12495 
-8.29214 1.943 -3.12704 
-8.38924 1.91377 -3.13558 
-8.46328 1.92653 -3.1335 
-8.50814 1.93168 -3.12599 
-8.55069 1.92955 -3.11852 
-8.59937 1.93623 -3.10907 
-8.64041 1.93399 -3.10678 
-8.69476 1.91201 -3.12061 
-8.79251 1.9218 -3.11053 
-8.80972 1.91588 -3.11377 
-8.90286 1.91758 -3.10657 
-8.92862 1.91003 -3.11344 
-8.92792 1.91084 -3.1119 
-9.0044 1.89989 -3.11756 
-9.03664 1.91168 -3.10462 
-9.10883 1.90275 -3.11063 
-9.14806 1.89988 -3.0991 
-9.25514 1.89376 -3.10322 
-9.28736 1.89495 -3.10335 
-9.2879 1.89435 -3.10373 
-9.38861 1.89038 -3.10354 
-9.44251 1.88655 -3.10406 
-9.48022 1.87806 -3.11139 
-9.58237 1.87409 -3.11336 
-9.65484 1.87211 -3.11996 
-9.65803 1.87185 -3.11994 
-9.69564 1.87016 -3.11515 
-9.69611 1.88121 -3.10192 
-9.78603 1.86777 -3.11199 
-9.82135 1.87602 -3.1048 
-9.94696 1.85849 -3.11366 
-9.99181 1.8626 -3.11194 
-9.99361 1.86236 -3.11201 
-10.046 1.84887 -3.1186 
-10.1064 1.85511 -3.11713 
-10.1502 1.85874 -3.11197 
-10.1971 1.85641 -3.10967 
-10.2727 1.85216 -3.11591 
-10.2724 1.85221 -3.11593 
-10.3188 1.85184 -3.10985 
-10.3973 1.84014 -3.11589 
-10.4294 1.84504 -3.10318 
-10.4943 1.84678 -3.10426 
-10.5556 1.83916 -3.10643 
-10.6159 1.83164 -3.10316 
-10.61 1.83317 -3.10087 
-10.6667 1.833 -3.10227 
-10.7249 1.83879 -3.10144 
-10.7957 1.83465 -3.10667 
-10.8609 1.83754 -3.10948 
-10.9182 1.82471 -3.11318 
-10.9184 1.82468 -3.11327 
-11.0123 1.82368 -3.12784 
-11.0575 1.82487 -3.12194 
-11.1141 1.82338 -3.11727 
-11.1547 1.82536 -3.11448 
-11.2157 1.82448 -3.11314 
-11.2704 1.82133 -3.10788 
-11.2664 1.8161 -3.10652 
-11.3338 1.81418 -3.11083 
-11.3914 1.80833 -3.10886 
-11.4432 1.80927 -3.10599 
-11.5067 1.80845 -3.10863 
-11.6043 1.80782 -3.12399 
-11.6044 1.80782 -3.12404 
-11.6418 1.80098 -3.11713 
-11.6921 1.8013 -3.11415 
-11.7568 1.79697 -3.11535 
-11.8314 1.80493 -3.11855 
-11.8594 1.79599 -3.10661 
-11.8594 1.79599 -3.10661 
-11.9347 1.78654 -3.11111 
-12.0161 1.78558 -3.12023 
-12.0626 1.79193 -3.11774 
-12.0626 1.79195 -3.11773 
-12.1629 1.78402 -3.11229 
-12.2204 1.78051 -3.10975 
-12.2206 1.78048 -3.10973 
-12.2681 1.77558 -3.10602 
-12.3625 1.7918 -3.11969 
-12.4338 1.7924 -3.12378 
-12.4388 1.78015 -3.10524 
-12.5034 1.77627 -3.11144 
-12.5901 1.77921 -3.11774 
-12.5901 1.77893 -3.11773 
-12.6374 1.77557 -3.11046 
-12.7043 1.78134 -3.11778 
-12.751 1.77709 -3.11246 
-12.8172 1.77203 -3.11315 
-12.8537 1.77153 -3.10766 
-12.8537 1.77136 -3.10768 
-12.9268 1.76927 -3.10853 
-12.9923 1.76395 -3.11005 
-13.0882 1.77492 -3.11952 
-13.073 1.75457 -3.1003 
-13.1774 1.76407 -3.10826 
-13.2245 1.75096 -3.0984 
-13.2243 1.75095 -3.09834 
-13.2751 1.7442 -3.08188 
-13.3384 1.7314 -3.06983 
-13.3567 1.71699 -3.03384 
-13.4151 1.69918 -3.00878 
-13.5063 1.69215 -3.00554 
-13.5774 1.6681 -2.96751 
-13.5668 1.66916 -2.96856 
-13.7011 1.66156 -2.98249 
-13.7239 1.64424 -2.95589 
-13.7601 1.62597 -2.92905 
-13.7602 1.62589 -2.92907 
-13.8283 1.6058 -2.91124 
-13.8284 1.6061 -2.91126 
-13.8961 1.56883 -2.83772 
-13.823 1.54748 -2.82875 
-13.8328 1.51787 -2.80441 
-13.8782 1.48906 -2.77861 
-13.915 1.47671 -2.77255 
-13.8968 1.12658 -2.77313 
-13.902 1.1155 -2.77671 
-13.9057 1.1051 -2.77152 
-13.9493 1.09603 -2.76572 
-14.0291 1.07706 -2.78797 
-14.1095 1.07263 -2.8397 
-14.1476 1.07649 -2.90419 
-14.1484 1.07627 -2.90438 
-14.1389 1.09566 -2.93477 
-14.2536 1.09395 -2.98377 
-14.3771 1.07365 -3.01922 
-14.3592 1.06342 -3.02402 
-14.3409 1.06604 -3.02273 
-14.4487 1.08376 -3.04637 
-14.5431 1.09338 -3.05257 
-14.6112 1.07116 -3.04632 
-14.6848 1.04583 -2.98228 
-14.7662 0.998758 -2.93379 
-14.796 0.972502 -2.85134 
-14.8458 0.928594 -2.77392 
-14.8861 0.929965 -2.77074 
-14.914 0.879899 -2.70049 
-14.9224 0.828274 -2.6402 
-14.9839 0.772157 -2.56459 
-15.0131 0.720258 -2.49058 
-15.038 0.65497 -2.42168 
-15.0458 0.60355 -2.35402 
-15.0461 0.603532 -2.35401 
-15.0635 0.476165 -2.28563 
-15.1416 0.399623 -2.21743 
-15.084 0.36834 -2.15508 
-15.1103 0.327026 -2.07817 
-15.1189 0.284458 -2.01149 
-15.1572 0.237159 -1.99364 
-15.1194 0.197177 -1.92992 
-15.1815 0.226321 -1.87093 
-15.1954 0.178094 -1.83141 
-15.1293 0.137131 -1.76982 
-15.1483 0.0886133 -1.71176 
-15.1724 0.035819 -1.67006 
-15.175 0.0383102 -1.66919 
-15.1322 -0.00755645 -1.64551 
-15.1371 -0.299476 -1.65387 
-15.1277 -0.348283 -1.60435 
-15.1061 -0.360257 -1.58549 
-15.0879 -0.408751 -1.55652 
-15.0832 -0.458283 -1.55662 
-15.0866 -0.508032 -1.52594 
-15.0529 -0.554079 -1.5176 
-15.0709 -0.604265 -1.48625 
-15.0589 -0.657099 -1.47823 
-15.0362 -0.70465 -1.47955 
-15.0301 -0.755284 -1.46966 
-15.0255 -0.805991 -1.46967 
-15.0188 -0.855231 -1.4691 
-15.0187 -0.905654 -1.45198 
-15.0095 -0.954882 -1.44991 
-15.0081 -1.00482 -1.4494 
-14.9978 -1.0039 -1.4407 
-14.9851 -1.10232 -1.44458 
-14.9937 -1.15196 -1.44419 
-14.9749 -1.20609 -1.44811 
-14.9736 -1.25451 -1.45468 
-14.9688 -1.34193 -1.47425 
-14.9336 -1.44098 -1.4808 
-14.9001 -1.53566 -1.48119 
-14.8684 -1.58195 -1.50299 
-14.8607 -1.52677 -1.47418 
-14.8528 -1.62212 -1.47637 
-14.8913 -1.63644 -1.45289 
-14.9398 -1.67425 -1.45734 
-14.9408 -1.66829 -1.457 
-14.9416 -1.66348 -1.45669 
-14.9451 -1.66437 -1.46017 
-14.8982 -1.89107 -1.45902 
-14.9075 -1.95244 -1.44912 
-14.9782 -1.67475 -1.39331 
-14.9615 -1.89294 -1.40151 
-14.9988 -1.85105 -1.38869 
-14.8706 -1.84847 -1.39168 
-14.9347 -1.90579 -1.37384 
-14.8727 -2.0703 -1.42107 
-14.8909 -2.08578 -1.40628 
-14.9327 -2.13644 -1.39564 
-14.8412 -2.24117 -1.38796 
-14.8504 -2.22814 -1.38507 
-14.9006 -2.25043 -1.3922 
-14.9258 -2.31146 -1.38405 
-14.7951 -2.52541 -1.35884 
-14.8398 -2.52621 -1.35787 
-14.8597 -2.53013 -1.34768 
-14.8284 -2.69121 -1.3575 
-14.824 -2.66184 -1.34891 
-14.7474 -2.82248 -1.39984 
-14.7444 -2.65257 -1.42355 
-14.7259 -2.81662 -1.41728 
-14.7229 -2.80916 -1.45655 
-14.7194 -2.97646 -1.46937 
-14.6649 -2.98993 -1.47802 
-14.6384 -2.99067 -1.48898 
-14.7313 -3.04993 -1.48881 
-14.7957 -3.01313 -1.46138 
-14.8053 -3.06963 -1.45453 
-14.8012 -3.11333 -1.46368 
-14.7823 -3.21955 -1.4703 
-14.7871 -3.23454 -1.44973 
-14.7418 -3.35057 -1.44742 
-14.7622 -3.33387 -1.42227 
-14.814 -3.3821 -1.39851 
-14.7387 -3.55434 -1.40825 
-14.7146 -3.55017 -1.38664 
-14.7099 -3.54938 -1.38658 
-14.6827 -3.66357 -1.3688 
-14.6731 -3.64696 -1.3543 
-14.6159 -3.68773 -1.3257 
-14.6 -3.74319 -1.34228 
-14.5751 -3.83076 -1.32606 
-14.5909 -3.86901 -1.31773 
-14.5808 -3.82624 -1.31092 
-14.5412 -3.87791 -1.30422 
-14.5436 -3.9938 -1.29952 
-14.4952 -4.07789 -1.30249 
-14.4841 -4.08525 -1.30201 
-14.4586 -4.11873 -1.30691 
-14.4494 -4.14213 -1.31001 
-14.4416 -4.19834 -1.30771 
-14.4374 -4.20473 -1.29235 
-14.3841 -4.32079 -1.28205 
-14.3843 -4.34554 -1.28162 
-14.374 -4.41794 -1.2645 
-14.3919 -4.47529 -1.2348 
-14.3867 -4.45128 -1.22526 
-14.3428 -4.50072 -1.22219 
-14.3337 -4.55589 -1.20177 
-14.2631 -4.6339 -1.17574 
-14.2782 -4.68143 -1.1689 
-14.2197 -4.73152 -1.13313 
-14.2107 -4.75415 -1.11534 
-14.2198 -4.74974 -1.11192 
-14.1658 -4.81217 -1.09654 
-14.144 -4.88113 -1.06617 
-14.1483 -4.92272 -1.07295 
-14.1236 -4.92331 -1.07754 
-14.0449 -4.93592 -1.07213 
-13.9996 -5.01253 -1.06352 
-13.9637 -5.06894 -1.06257 
-13.9406 -5.13738 -1.05766 
-13.9216 -5.16741 -1.06425 
-13.9132 -5.20802 -1.03066 
-13.7997 -5.31118 -1.02134 
-13.8015 -5.26599 -1.00836 
-13.8176 -5.35771 -1.04578 
-13.7617 -5.38013 -1.0412 
-13.8621 -5.45577 -1.07194 
-13.8293 -5.4925 -1.0892 
-13.7035 -5.57821 -1.10803 
-13.714 -5.66403 -1.11463 
-13.7228 -5.68297 -1.12046 
-13.6703 -5.7164 -1.11849 
-13.6911 -5.69726 -1.1176 
-13.7064 -5.77163 -1.11823 
-13.6918 -5.75662 -1.09923 
-13.6518 -5.83235 -1.10965 
-13.6783 -5.84461 -1.10487 
-13.6623 -5.91577 -1.10034 
-13.6435 -5.9754 -1.08648 
-13.584 -6.02784 -1.07787 
-13.5536 -6.10076 -1.07808 
-13.5062 -6.10996 -1.0898 
-13.457 -6.23989 -1.04137 
-13.4189 -6.19897 -1.03811 
-13.4595 -6.20855 -0.993164 
-13.3901 -6.26376 -0.971397 
-13.3104 -6.31548 -0.935159 
-13.2549 -6.35397 -0.907182 
-13.2492 -6.36043 -0.908053 
-13.247 -6.36248 -0.908557 
-13.1374 -6.51759 -0.868828 
-13.0412 -6.55261 -0.852691 
-12.9732 -6.56453 -0.812312 
-12.9621 -6.56207 -0.76582 
-12.9676 -6.55336 -0.762203 
-12.9459 -6.59261 -0.724438 
-12.706 -6.68334 -0.712987 
-12.7458 -6.68898 -0.660144 
-12.7878 -6.75027 -0.619433 
-12.6619 -6.74721 -0.602254 
-12.5363 -6.79061 -0.587584 
-12.3123 -6.76885 -0.589011 
-12.4074 -6.78841 -0.535835 
-12.4268 -6.7567 -0.531012 
-12.4227 -6.80861 -0.493765 
-12.3408 -6.86427 -0.498147 
-12.2722 -6.85858 -0.496849 
-12.2114 -6.88501 -0.501597 
-12.179 -6.92754 -0.48344 
-12.1801 -6.92807 -0.483071 
-12.1241 -6.97687 -0.477741 
-12.0976 -6.98371 -0.461828 
-12.1366 -7.03079 -0.428405 
-12.0681 -7.01865 -0.418794 
-11.899 -7.03796 -0.424537 
-11.8995 -7.03865 -0.424457 
-11.826 -7.03239 -0.419817 
-11.8166 -7.03004 -0.383414 
-11.7358 -6.99799 -0.372245 
-11.7142 -7.04779 -0.367383 
-11.6601 -7.07425 -0.359771 
-11.5768 -7.09134 -0.35903 
-11.5887 -7.09375 -0.355859 
-11.6407 -7.1278 -0.344068 
-11.5978 -7.12894 -0.316909 
-11.5432 -7.16078 -0.302658 
-11.4622 -7.18204 -0.290221 
-11.508 -7.22835 -0.236121 
-11.5291 -7.24447 -0.230432 
-11.42 -7.27572 -0.218014 
-11.3163 -7.26795 -0.205076 
-11.2479 -7.28557 -0.163694 
-11.136 -7.23647 -0.159752 
-11.104 -7.25344 -0.113727 
-11.0524 -7.25281 -0.0843293 
-11.0254 -7.21255 -0.0950731 
-10.9744 -7.25265 -0.0634737 
-10.9024 -7.2401 -0.0513786 
-10.8057 -7.24853 -0.0278711 
-10.7541 -7.26467 -0.0019573 
-10.7161 -7.24204 -0.00988439 
-10.7165 -7.24144 -0.0106873 
-10.6339 -7.19701 -0.015176 
-10.5871 -7.20815 0.0101942 
-10.5408 -7.22772 0.0177692 
-10.4854 -7.21618 0.0289251 
-10.4147 -7.22944 0.0521954 
-10.358 -7.21434 0.0389852 
-10.3583 -7.21423 0.0388826 
-10.3022 -7.21235 0.037243 
-10.1974 -7.19081 0.0210838 
-10.2106 -7.20533 0.0425261 
-10.1306 -7.20122 0.0432809 
-10.1211 -7.20922 0.0544869 
-10.1212 -7.20928 0.0545153 
-10.0776 -7.20344 0.0774509 
-9.99424 -7.19464 0.055985 
-9.94421 -7.20353 0.0780155 
-9.8647 -7.19312 0.0546612 
-9.81844 -7.16591 0.0376138 
-9.68454 -7.18164 0.0308582 
-9.68701 -7.18225 0.0320599 
-9.65275 -7.18357 0.0389686 
-9.61596 -7.17321 0.0531002 
-9.5393 -7.17749 0.0398604 
-9.47922 -7.12101 0.040095 
-9.43337 -7.14673 0.0613727 
-9.39562 -7.14839 0.0614454 
-9.33297 -7.13529 0.0290472 
-9.29643 -7.16424 0.049588 
-9.29641 -7.16425 0.0495891 
-9.15315 -7.1545 0.033169 
-9.15238 -7.15457 0.0335698 
-9.10412 -7.14631 0.0344831 
-9.09508 -7.15674 0.0560121 
-9.01714 -7.15152 0.0636279 
-8.89766 -7.14058 0.0444739 
-8.86317 -7.13895 0.0553741 
-8.85933 -7.1332 0.053575 
-8.75337 -7.12128 0.0552786 
-8.76022 -7.12068 0.0571568 
-8.70166 -7.11152 0.0525869 
-8.59884 -7.11726 0.0319641 
-8.59853 -7.11891 0.0324813 
-8.55536 -7.13115 0.0440788 
-8.55587 -7.13348 0.0443035 
-8.5561 -7.13491 0.0443988 
-8.41915 -7.09349 0.029278 
-8.34454 -7.11397 0.048568 
-8.29026 -7.12229 0.0540704 
-8.22648 -7.11709 0.0530886 
-8.22731 -7.11803 0.0533671 
-8.1811 -7.08041 0.0453766 
-8.19542 -7.09949 0.0509974 
-8.06238 -7.11363 0.0577509 
-7.96075 -7.07239 0.0427851 
-7.90545 -7.08945 0.0497468 
-7.84208 -7.06527 0.0424147 
-7.81434 -7.09148 0.0502741 
-7.74933 -7.07931 0.0473133 
-7.75011 -7.0797 0.0475616 
-7.66576 -7.06898 0.042661 
-7.59723 -7.06184 0.0374426 
-7.57227 -7.08369 0.0508383 
-7.5175 -7.07007 0.0478947 
-7.45784 -7.07571 0.051002 
-7.45863 -7.0764 0.0513436 
-7.36198 -7.05433 0.0427357 
-7.30427 -7.05647 0.0479169 
-7.2515 -7.0658 0.0534492 
-7.19239 -7.05155 0.0500436 
-7.09697 -7.02318 0.0384394 
-7.05153 -7.03184 0.045446 
-7.05153 -7.03195 0.0455121 
-6.97391 -7.0456 0.0538863 
-6.91309 -7.01614 0.0364787 
-6.86652 -7.0387 0.0422566 
-6.81511 -7.03028 0.0435631 
-6.74712 -7.01674 0.0441668 
-6.74614 -7.01615 0.0437925 
-6.68988 -7.01966 0.0455198 
-6.62088 -7.00181 0.0416042 
-6.59875 -7.02631 0.0590205 
-6.55061 -7.02858 0.0629443 
-6.46542 -7.01057 0.0544595 
-6.40198 -6.99934 0.0546323 
-6.4024 -7.02586 0.0555625 
-6.34454 -7.01797 0.0519505 
-6.28991 -6.99839 0.0534105 
-6.2336 -7.00173 0.0560601 
-6.17996 -6.99881 0.0557373 
-6.11708 -6.99426 0.057656 
-6.117 -6.99421 0.0576263 
-6.04904 -6.98411 0.0519742 
-5.99743 -6.98679 0.054332 
-5.91173 -6.96104 0.0445278 
-5.87698 -6.97724 0.0533165 
-5.82821 -6.97552 0.0566222 
-5.82812 -6.97545 0.0566093 
-5.76547 -6.96788 0.0546147 
-5.70078 -6.95915 0.0534495 
-5.62959 -6.95412 0.0509015 
-5.5583 -6.95016 0.0463977 
-5.50377 -6.94843 0.0458634 
-5.44199 -6.94758 0.0460695 
-5.44242 -6.94652 0.0461409 
-5.42087 -6.95401 0.056841 
-5.31673 -6.93691 0.0487103 
-5.28816 -6.93697 0.0575092 
-5.15469 -6.90948 0.0375041 
-5.08422 -6.91794 0.0487827 
-5.06927 -6.91709 0.0512129 
-5.06965 -6.92394 0.0515301 
-5.01131 -6.92091 0.054073 
-4.98459 -6.91602 0.060349 
-4.9331 -6.92409 0.0683614 
-4.8947 -6.919 0.0736043 
-4.8959 -6.9193 0.0735342 
-4.81616 -6.90728 0.0656019 
-4.75416 -6.90278 0.0646641 
-4.69779 -6.9011 0.0622787 
-4.6417 -6.90569 0.0638473 
-4.59364 -6.90489 0.0693591 
-4.52058 -6.88997 0.0613542 
-4.49229 -6.8858 0.0603809 
-4.44925 -6.88128 0.0566547 
-4.37272 -6.87605 0.053565 
-4.31268 -6.86885 0.0547878 
-4.27579 -6.89056 0.07427 
-4.2196 -6.88064 0.0708356 
-4.14258 -6.8647 0.0653934 
-4.06204 -6.85105 0.0600379 
-4.05332 -6.84809 0.0565345 
-4.03813 -6.86596 0.0739341 
-3.99762 -6.86622 0.0781637 
-3.9322 -6.85829 0.0795733 
-3.87952 -6.85655 0.0848579 
-3.77325 -6.829 0.0660694 
-3.77314 -6.82908 0.0660775 
-3.76617 -6.84055 0.0865627 
-3.69497 -6.8357 0.0806756 
-3.64841 -6.83225 0.08351 
-3.59717 -6.82483 0.0932397 
-3.59879 -6.82441 0.0935986 
-3.51052 -6.81086 0.0752096 
-3.45474 -6.81503 0.0857012 
-3.40679 -6.80597 0.0808148 
-3.33986 -6.79654 0.0726808 
-3.29049 -6.78868 0.0680177 
-3.23099 -6.74891 0.0891379 
-3.23642 -6.75465 0.0891538 
-3.16113 -6.77333 0.0568894 
-3.1192 -6.76354 0.0828238 
-3.05819 -6.75936 0.0724257 
-3.02238 -6.76056 0.0867129 
-2.94868 -6.75189 0.0879974 
-2.86919 -6.75754 0.0783505 
-2.87121 -6.75758 0.0796601 
-2.80676 -6.74554 0.0958847 
-2.75513 -6.74078 0.0859644 
-2.71543 -6.73126 0.0973586 
-2.61228 -6.71887 0.0854757 
-2.58266 -6.7109 0.0952998 
-2.50515 -6.7075 0.0834289 
-2.50686 -6.70766 0.0834863 
-2.48416 -6.69591 0.101022 
-2.38825 -6.69144 0.0829201 
-2.34451 -6.68888 0.0982722 
-2.29087 -6.68556 0.0977982 
-2.22714 -6.68789 0.101558 
-2.22708 -6.68813 0.101389 
-2.16679 -6.68504 0.0937722 
-2.10569 -6.68434 0.0995075 
-2.05372 -6.67961 0.110818 
-2.01425 -6.67689 0.109137 
-1.9374 -6.6628 0.113001 
-1.8771 -6.65308 0.0954181 
-1.87537 -6.65058 0.0953733 
-1.80806 -6.65269 0.0960476 
-1.76435 -6.65263 0.113183 
-1.6956 -6.63482 0.0916849 
-1.64279 -6.64626 0.104866 
-1.57792 -6.63566 0.0967217 
-1.57518 -6.63466 0.0981319 
-1.51438 -6.62211 0.0962791 
-1.45971 -6.62166 0.107651 
-1.39552 -6.60933 0.0987043 
-1.33619 -6.60197 0.100787 
-1.27485 -6.58147 0.0947651 
-1.21526 -6.5894 0.10517 
-1.21584 -6.58881 0.105001 
-1.15275 -6.56936 0.10088 
-1.0977 -6.57145 0.109414 
-1.03701 -6.56103 0.110942 
-0.98064 -6.54805 0.104028 
-0.919607 -6.55114 0.110766 
-0.920354 -6.55161 0.110945 
-0.827222 -6.5164 0.092821 
-0.809472 -6.5475 0.119758 
-0.786661 -6.54603 0.130196 
-0.693643 -6.51234 0.110109 
-0.662346 -6.52699 0.131778 
-0.5721 -6.50411 0.112095 
-0.572511 -6.50404 0.11216 
-0.518462 -6.50099 0.1079 
-0.473909 -6.49628 0.124105 
-0.406264 -6.48799 0.113565 
-0.358853 -6.4758 0.122736 
-0.285406 -6.4731 0.11078 
-0.284973 -6.47479 0.110726 
-0.220619 -6.4698 0.104456 
-0.1696 -6.45638 0.109333 
-0.118176 -6.45513 0.109719 
-0.0581524 -6.44145 0.118164 
-0.0181283 -6.43111 0.126422 
-0.0214372 -6.43559 0.125649 
0.0783816 -6.43193 0.107065 
0.131771 -6.42357 0.106577 
0.176272 -6.41584 0.118825 
0.241301 -6.40156 0.116964 
0.317989 -6.40787 0.107507 
0.366873 -6.38839 0.111909 
0.366925 -6.38831 0.112077 
0.426965 -6.3804 0.113323 
0.483528 -6.37812 0.113937 
0.545915 -6.37085 0.114694 
0.594744 -6.36384 0.118255 
0.656449 -6.36269 0.11395 
0.731922 -6.34388 0.105314 
0.731741 -6.34413 0.105411 
0.77234 -6.33829 0.116957 
0.847534 -6.33536 0.109655 
0.894308 -6.32783 0.116406 
0.973071 -6.31509 0.105737 
1.00689 -6.31519 0.117113 
1.00673 -6.31511 0.117141 
1.07047 -6.31422 0.115125 
1.13285 -6.30643 0.116344 
1.18242 -6.31752 0.119328 
1.25339 -6.29827 0.115127 
1.31551 -6.27827 0.106918 
1.34908 -6.28711 0.124222 
1.34908 -6.28698 0.124176 
1.43521 -6.26869 0.101422 
1.48819 -6.26188 0.10784 
1.53536 -6.26495 0.113743 
1.60474 -6.26567 0.109353 
1.66493 -6.2538 0.108542 
1.66486 -6.25385 0.108535 
1.71656 -6.25302 0.109831 
1.7739 -6.25143 0.1162 
1.84414 -6.23655 0.10779 
1.89245 -6.21418 0.115271 
1.96657 -6.22061 0.101714 
2.01197 -6.19217 0.113212 
2.01258 -6.19388 0.113156 
2.09215 -6.20728 0.103044 
2.15309 -6.22115 0.09989 
2.19462 -6.18691 0.106107 
2.26161 -6.17969 0.103518 
2.32135 -6.17188 0.104518 
2.32128 -6.17182 0.104577 
2.38126 -6.17267 0.106989 
2.43732 -6.15903 0.108467 
2.50112 -6.14818 0.106476 
2.55548 -6.13464 0.10961 
2.60515 -6.12136 0.111087 
2.67514 -6.11795 0.106753 
2.6753 -6.11779 0.10668 
2.73267 -6.11698 0.102982 
2.78918 -6.11977 0.0943747 
2.84809 -6.09185 0.098246 
2.9077 -6.11072 0.0937026 
2.97613 -6.07441 0.105166 
2.97639 -6.07426 0.10519 
3.03073 -6.08874 0.101552 
3.08406 -6.10103 0.101323 
3.14585 -6.08222 0.115415 
3.20762 -6.05569 0.120562 
3.26411 -6.04965 0.131127 
3.32986 -6.04851 0.144698 
3.32987 -6.04854 0.144677 
3.3783 -6.06388 0.148904 
3.44181 -6.02741 0.166055 
3.50501 -5.99509 0.194907 
3.57098 -5.98328 0.227058 
3.61897 -5.97129 0.259933 
3.6182 -5.96186 0.259933 
3.66377 -5.94817 0.299104 
3.73284 -5.93031 0.356222 
3.77852 -5.91193 0.41827 
3.83117 -5.88983 0.489153 
3.87352 -5.88617 0.558223 
3.90825 -5.83295 0.631826 
3.90819 -5.83295 0.631816 
3.94118 -5.77342 0.707515 
3.97395 -5.74067 0.780327 
3.99146 -5.70628 0.846533 
4.01693 -5.66801 0.921346 
4.02645 -5.62954 0.989147 
4.02309 -5.58991 0.989147 
4.04258 -5.54869 1.0576 
4.04871 -5.50552 1.10752 
4.07563 -5.5032 1.15238 
4.07481 -5.41522 1.18932 
4.08608 -5.37013 1.22845 
4.09883 -5.32238 1.25521 
4.09492 -5.27694 1.25521 
4.10562 -5.23 1.27354 
4.11723 -5.18227 1.29455 
4.12929 -5.13425 1.31924 
4.14819 -5.13261 1.32176 
4.154 -5.03937 1.33708 
4.14905 -4.99197 1.33774 
4.1606 -4.9433 1.33658 
4.17149 -4.89555 1.34744 
4.18358 -4.84769 1.35271 
4.19813 -4.79895 1.3548 
4.21187 -4.7504 1.34806 
4.22694 -4.70175 1.35067 
4.22308 -4.65494 1.3507 
4.24091 -4.60761 1.35722 
4.24844 -4.55536 1.34977 
4.26944 -4.50691 1.35844 
4.27383 -4.4634 1.34971 
4.28979 -4.41337 1.34729 
4.31007 -4.36594 1.35335 
4.30753 -4.36576 1.35423 
4.31712 -4.31541 1.34954 
4.3265 -4.23358 1.35615 
4.33814 -4.18576 1.36204 
4.34986 -4.13382 1.36023 
4.37101 -4.08303 1.36791 
4.37112 -4.08332 1.3679 
4.3875 -4.03125 1.37278 
4.38863 -3.96885 1.3709 
4.38435 -3.89032 1.36389 
4.41607 -3.82736 1.377 
4.42642 -3.76793 1.37344 
4.42554 -3.76819 1.37324 
4.44366 -3.71863 1.37667 
4.46481 -3.65833 1.37371 
4.46097 -3.60077 1.36543 
4.47657 -3.52949 1.36961 
4.51985 -3.48573 1.36917 
4.5073 -3.427 1.36509 
4.50781 -3.42728 1.36513 
4.51938 -3.37628 1.3636 
4.53205 -3.31493 1.36777 
4.55841 -3.25201 1.37459 
4.56389 -3.20321 1.38083 
4.59138 -3.12911 1.37868 
4.59325 -3.12923 1.37875 
4.58227 -3.08512 1.37787 
4.60926 -3.01636 1.38817 
4.60376 -2.96357 1.38715 
4.62066 -2.8993 1.40064 
4.63756 -2.83837 1.4078 
4.63069 -2.77187 1.40595 
4.63031 -2.77149 1.40567 
4.63764 -2.70632 1.41169 
4.65048 -2.66166 1.41197 
4.68617 -2.6294 1.42409 
4.67483 -2.61127 1.41741 
4.6616 -2.58897 1.41966 
4.66203 -2.58916 1.41971 
4.66405 -2.57713 1.42122 
4.68836 -2.57745 1.4284 
4.69202 -2.57573 1.42704 
4.67739 -2.58202 1.42188 
4.66753 -2.58571 1.4161 
4.68317 -2.5792 1.42694 
4.68082 -2.57924 1.42665 
4.68777 -2.57817 1.42748 
4.6716 -2.57876 1.42385 
4.67402 -2.58739 1.42047 
4.68692 -2.58306 1.4254 
4.68089 -2.58072 1.42398 
4.66088 -2.58336 1.42246 
4.6611 -2.58239 1.41902 
4.67671 -2.58281 1.42613 
4.67714 -2.57173 1.42438 
4.66861 -2.59016 1.42219 
4.67068 -2.58292 1.41903 
4.67066 -2.5828 1.41895 
4.68452 -2.57663 1.42567 
4.69501 -2.58033 1.42779 
4.65982 -2.59202 1.41561 
4.66333 -2.59051 1.41925 
4.68366 -2.58705 1.42619 
4.67035 -2.5883 1.41934 
4.67099 -2.58251 1.42212 
4.67103 -2.58251 1.42206 
4.66397 -2.59149 1.41341 
4.67839 -2.58976 1.42483 
4.67503 -2.5848 1.42152 
4.66866 -2.58611 1.41704 
4.6746 -2.58486 1.42251 
4.67477 -2.58482 1.4225 
4.67708 -2.58069 1.42267 
4.67349 -2.57923 1.42319 
4.66804 -2.58301 1.42092 
4.66853 -2.58504 1.42204 
4.6701 -2.58091 1.41619 
