# time.localization time.act 
0 0.081171 
0 0.054628 
0 0.06417 
0 0.05167 
0 0.049669 
0 0.052045 
0 0.051669 
0 0.050628 
0 0.051628 
0 0.054795 
0 0.054378 
0 0.066337 
0 0.066337 
0 0.05192 
0 0.049627 
0 0.054253 
0 0.049253 
0 0.052294 
0 0.052211 
0 0.052087 
0 0.049378 
0 0.053544 
0 0.050378 
0 0.051669 
0 0.056211 
0 0.052503 
0 0.054669 
0 0.054628 
0 0.057253 
0 0.044627 
0 0.054669 
0 0.053086 
0 0.049961 
0 0.051253 
0 0.053087 
0 0.060504 
0 0.066253 
0 0.052545 
0 0.050378 
0 0.048752 
0 0.055086 
0 0.051961 
0 0.052544 
0 0.054586 
0 0.065128 
0 0.052711 
0 0.054794 
0 0.050628 
0 0.051002 
0 0.05292 
0 0.044627 
0 0.051877 
0 0.067712 
0 0.045586 
0 0.049336 
0 0.06842 
0 0.054462 
0 0.057294 
0 0.051545 
0 0.054461 
0 0.051711 
0 0.051044 
0 0.055461 
0 0.053461 
0 0.051628 
0 0.068504 
0 0.058503 
0 0.05117 
0 0.051794 
0 0.065295 
0 0.051586 
0 0.046169 
0 0.05742 
0 0.053044 
0 0.050502 
0 0.046336 
0 0.077379 
0 0.074754 
0 0.082588 
0 0.07467 
0 0.094464 
0 0.08913 
0 0.07392 
0 0.058295 
0 0.085505 
0 0.068795 
0 0.073504 
0 0.076463 
0 0.093922 
0 0.079421 
0 0.075337 
0 0.064087 
0 0.074087 
0 0.078587 
0 0.088254 
0 0.076504 
0 0.075921 
0 0.064337 
1.56504 0.053794 
18.0376 0.070879 
1.88393 0.083171 
6.54613 0.067754 
6.77514 0.048628 
8.17713 0.06867 
7.1947 0.073629 
16.81 0.06842 
5.19968 0.085713 
12.478 0.069795 
11.4094 0.044586 
8.65344 0.085921 
15.5409 0.067212 
13.3775 0.066003 
15.0688 0.067295 
15.8523 0.063295 
15.6325 0.06742 
15.0964 0.044794 
17.5829 0.067087 
27.5286 0.066087 
15.4897 0.065837 
15.9292 0.064004 
0.327392 0.067254 
0.33435 0.043961 
0.42423 0.072171 
0.35356 0.06867 
0.408438 0.073587 
0.310891 0.081171 
0.334018 0.068837 
0.393728 0.068212 
0.401979 0.048002 
0.323392 0.084421 
0.310682 0.072462 
0.362852 0.072004 
0.294098 0.068171 
0.308058 0.065212 
0.335184 0.045836 
0.392895 0.071421 
0.489067 0.069921 
0.379102 0.072712 
0.425355 0.068462 
0.365144 0.066587 
0.457523 0.070879 
0.449731 0.04717 
0.353268 0.072004 
0.381228 0.06892 
0.437522 0.076503 
0.366061 0.069962 
0.373727 0.06642 
0.36031 0.066379 
0.420438 0.070503 
0.36331 0.071587 
0.506984 0.068421 
0.45819 0.069336 
0.451564 0.068587 
0.331142 0.064711 
0.372644 0.068129 
0.33185 0.068921 
0.353102 0.06967 
0.401437 0.068378 
0.386395 0.068128 
0.398396 0.068003 
0.384019 0.064003 
0.351143 0.067337 
0.376603 0.06717 
0.389894 0.067337 
0.316683 0.064962 
0.455356 0.075046 
0.45194 0.049794 
0.418187 0.072753 
0.441772 0.069587 
0.435981 0.06967 
0.497775 0.069753 
0.39827 0.066878 
0.470565 0.071712 
0.462315 0.046669 
0.480607 0.064795 
0.420938 0.067545 
0.382727 0.07142 
0.376436 0.070337 
0.374894 0.066504 
0.382978 0.070378 
0.383477 0.045253 
0.371894 0.07142 
0.392145 0.06942 
0.462064 0.068003 
0.404229 0.070962 
0.409813 0.065212 
0.445981 0.040211 
0.415146 0.06842 
0.405479 0.071878 
0.424271 0.063504 
0.389728 0.06117 
0.370644 0.067254 
0.405979 0.066379 
0.435855 0.065253 
0.467232 0.065712 
0.447523 0.067503 
0.463481 0.065503 
0.372519 0.06567 
0.456857 0.065129 
0.40652 0.052252 
0.390686 0.064878 
0.474108 0.072587 
0.360393 0.067337 
0.405062 0.066045 
0.416438 0.070629 
0.435855 0.07017 
0.380144 0.044502 
0.415937 0.065545 
0.425605 0.064045 
0.380311 0.065003 
0.408437 0.06692 
0.310016 0.065295 
0.299265 0.040752 
0.234678 0.06692 
0.330683 0.064795 
0.299057 0.070962 
0.409979 0.066045 
0.288223 0.064045 
0.297098 0.03971 
0.289723 0.078254 
0.345101 0.064379 
0.321433 0.065129 
0.377769 0.068879 
0.303099 0.079046 
0.262054 0.064045 
0.282764 0.03996 
0.380769 0.067504 
0.377893 0.068878 
0.412437 0.079254 
0.341225 0.078546 
0.304848 0.066128 
0.29189 0.038544 
0.332475 0.101297 
0.289723 0.066462 
0.298431 0.069712 
0.381602 0.06817 
0.339184 0.066461 
0.359893 0.082796 
0.345767 0.037668 
0.339058 0.06192 
0.3356 0.064336 
0.408812 0.063462 
0.338476 0.074754 
0.375352 0.067711 
0.352643 0.065795 
0.298723 0.062212 
0.416104 0.060545 
0.410021 0.067462 
0.307223 0.064836 
0.371977 0.064378 
0.430438 0.063628 
0.398103 0.06567 
0.400436 0.062837 
0.494858 0.065378 
0.388103 0.068836 
0.304306 0.066504 
0.401062 0.066962 
0.479274 0.066961 
0.431647 0.044586 
0.462898 0.06367 
0.391644 0.067003 
0.46844 0.068712 
0.392936 0.069712 
0.362185 0.063586 
0.368352 0.043127 
0.437021 0.069586 
0.386936 0.065628 
0.363934 0.068837 
0.444605 0.071337 
0.428605 0.067461 
0.445314 0.072045 
0.437564 0.045168 
0.453939 0.06617 
0.48369 0.066462 
0.47394 0.07267 
0.422646 0.079171 
0.387852 0.069003 
0.465606 0.041627 
0.499775 0.06992 
0.427563 0.064169 
0.462773 0.063629 
0.422354 0.06867 
0.495899 0.063086 
0.397436 0.06392 
0.432104 0.039377 
0.458022 0.069045 
0.352809 0.06492 
0.447105 0.06392 
0.411062 0.082796 
0.521567 0.069295 
0.455731 0.041002 
0.451773 0.070211 
0.47444 0.07067 
0.374269 0.068711 
0.31014 0.067336 
0.487066 0.072504 
0.48669 0.050794 
0.409187 0.074962 
0.502275 0.073129 
0.358851 0.073629 
0.3386 0.070378 
0.256637 0.069503 
0.43023 0.06692 
0.432188 0.073546 
0.276514 0.06917 
0.358726 0.099838 
0.311932 0.081379 
0.23397 0.077754 
0.415228 0.079879 
0.337725 0.077379 
0.363852 0.048669 
0.334391 0.078504 
0.342058 0.081588 
0.342891 0.075795 
0.338225 0.076337 
0.402603 0.046169 
0.265305 0.075712 
0.275097 0.048628 
0.304098 0.075712 
0.319016 0.081587 
0.35485 0.085088 
0.27518 0.077587 
0.336267 0.110297 
0.317307 0.050211 
0.30989 0.082462 
0.390936 0.079795 
0.375727 0.076713 
0.422353 0.07592 
0.329766 0.074962 
0.419812 0.077671 
0.401103 0.047003 
0.315807 0.081171 
0.383144 0.074004 
0.350476 0.077713 
0.359184 0.088963 
0.305182 0.082963 
0.349558 0.047335 
0.353267 0.084212 
0.416562 0.082796 
0.358226 0.079712 
0.294473 0.090463 
0.332683 0.079045 
0.303974 0.048252 
0.351392 0.077337 
0.287806 0.07817 
0.325141 0.086962 
0.330974 0.076754 
0.229761 0.077671 
0.275471 0.078754 
0.253387 0.053919 
0.266429 0.078837 
0.263346 0.085379 
0.295639 0.085213 
0.232137 0.083629 
0.270638 0.079503 
0.252346 0.086338 
0.206969 0.048169 
0.294139 0.078629 
0.295181 0.080545 
0.288931 0.085671 
0.224594 0.078712 
0.278722 0.077295 
0.272138 0.048085 
0.24447 0.078962 
0.236262 0.077421 
0.317599 0.084379 
0.232803 0.085338 
0.199343 0.083962 
0.211011 0.078796 
0.207093 0.048502 
0.187759 0.077296 
0.23097 0.095047 
0.231887 0.077753 
0.291722 0.077004 
0.234678 0.075129 
0.25947 0.046211 
0.268846 0.075087 
0.179592 0.075379 
0.260513 0.095588 
0.290639 0.07242 
0.318807 0.078796 
0.305223 0.051753 
0.435604 0.073753 
0.271013 0.072045 
0.232428 0.069336 
0.268971 0.071045 
0.279846 0.072545 
0.317891 0.072128 
0.287972 0.07292 
0.250512 0.073795 
0.34085 0.07142 
0.252387 0.069129 
0.295472 0.074086 
0.355267 0.079587 
0.331349 0.080546 
0.307182 0.049169 
0.308056 0.070378 
0.327682 0.077253 
0.231136 0.071337 
0.283056 0.072336 
0.356809 0.068962 
0.378643 0.04121 
0.297056 0.075212 
0.322932 0.072462 
0.350642 0.073337 
0.302473 0.074129 
0.295973 0.071629 
0.319766 0.043544 
0.361184 0.092046 
0.303931 0.07392 
0.318349 0.077921 
0.341016 0.077504 
0.294306 0.074379 
0.347808 0.072253 
0.331474 0.04096 
0.31139 0.072504 
0.391185 0.073962 
0.303056 0.072711 
0.408687 0.075337 
0.352184 0.073087 
0.347933 0.07142 
0.357559 0.05417 
0.366143 0.07442 
0.308848 0.092005 
0.33885 0.077421 
0.295222 0.07542 
0.379602 0.095379 
0.351725 0.071962 
0.297473 0.071795 
0.372018 0.073004 
0.30039 0.077295 
0.348725 0.074795 
0.294514 0.072629 
0.273054 0.075045 
0.281055 0.042585 
0.290514 0.073212 
0.272805 0.071795 
0.279888 0.07142 
0.332599 0.072712 
0.306973 0.080462 
0.322515 0.079295 
0.473731 0.079504 
0.283472 0.085963 
0.309098 0.076004 
0.333724 0.076379 
0.318765 0.079753 
0.329558 0.075795 
0.307556 0.077337 
0.258887 0.074462 
0.299265 0.08167 
0.311765 0.07642 
0.252346 0.076379 
0.251928 0.079879 
0.270429 0.07142 
0.194801 0.07592 
0.306223 0.074921 
0.294139 0.074796 
0.286306 0.079379 
0.244345 0.075795 
0.283388 0.044752 
0.331682 0.078962 
0.281846 0.073045 
0.28543 0.072962 
0.317432 0.074962 
0.341516 0.088796 
0.236303 0.075962 
0.31439 0.045711 
0.291305 0.077754 
0.188425 0.082838 
0.261179 0.076337 
0.256304 0.085129 
0.252221 0.094754 
0.245012 0.048961 
0.25347 0.071753 
0.262596 0.076545 
0.291305 0.082379 
0.25547 0.074253 
0.411936 0.078545 
0.226969 0.078837 
0.211302 0.046878 
0.265887 0.077712 
0.231886 0.077295 
0.283721 0.091462 
0.250471 0.079337 
0.250554 0.08167 
0.241845 0.046044 
0.233553 0.080087 
0.200718 0.077712 
0.256638 0.083963 
0.242053 0.08142 
0.266387 0.079504 
0.246012 0.086838 
0.219843 0.080212 
0.271305 0.082629 
0.279263 0.081629 
0.225094 0.077254 
0.235261 0.077337 
0.258095 0.085588 
0.208218 0.086712 
0.20901 0.049586 
0.229511 0.101421 
0.20226 0.081587 
0.196968 0.082254 
0.170091 0.079254 
0.193842 0.04696 
0.218177 0.085255 
0.223761 0.083088 
0.152841 0.08042 
0.196051 0.078962 
0.212135 0.082046 
0.176675 0.083129 
0.175549 0.048503 
0.155924 0.089046 
0.249261 0.088837 
0.165216 0.087921 
0.200676 0.084337 
0.217802 0.079421 
0.199676 0.082212 
0.22276 0.051169 
0.192634 0.080754 
0.206218 0.084921 
0.155174 0.086963 
0.194343 0.087213 
0.174342 0.092546 
0.146132 0.083045 
0.143674 0.047086 
0.165883 0.083879 
0.222136 0.087921 
0.145465 0.079087 
0.141632 0.093713 
0.224594 0.091588 
0.172467 0.05146 
0.154424 0.084254 
0.18205 0.078837 
0.186926 0.082671 
0.196926 0.08067 
0.192509 0.079087 
0.214177 0.046627 
0.13409 0.079253 
0.143632 0.078337 
0.194259 0.082295 
0.165258 0.088837 
0.210885 0.082838 
0.260095 0.093463 
0.271596 0.061836 
0.1768 0.087921 
0.1868 0.084296 
0.192634 0.082338 
0.178675 0.081795 
0.138048 0.084295 
0.175424 0.083504 
0.193384 0.082629 
0.153757 0.078503 
0.178716 0.275346 
0.193175 0.135756 
0.188051 0.135923 
0.169008 0.137548 
0.181634 0.102796 
0.221177 0.142882 
0.443937 0.164299 
0.17655 0.164424 
0.181217 0.154465 
0.226969 0.154549 
0.164757 0.221719 
0.247803 0.148757 
0.163174 0.148299 
0.17005 0.148007 
0.170883 0.093546 
0.183967 0.100171 
0.206593 0.090546 
0.185175 0.147923 
0.202885 0.045752 
0.197884 0.122673 
0.166175 0.121714 
0.181383 0.108547 
0.170966 0.10988 
0.171883 0.04696 
0.163883 0.11013 
0.194343 0.12834 
0.160799 0.112255 
0.196426 0.10988 
0.154549 0.108589 
0.164341 0.109631 
0.1808 0.057294 
0.189092 0.110172 
0.195259 0.110422 
0.179967 0.109172 
0.126131 0.111672 
0.149257 0.112088 
0.156507 0.110089 
0.164633 0.047419 
0.118922 0.113256 
0.163507 0.112339 
0.135381 0.126505 
0.136715 0.115672 
0.106255 0.106547 
0.121797 0.049169 
0.128339 0.127339 
0.149882 0.115964 
0.151007 0.117006 
0.15084 0.114881 
0.087213 0.108671 
0.153632 0.120339 
0.160966 0.048669 
0.127297 0.121172 
0.106172 0.11438 
0.126839 0.10763 
0.11538 0.114463 
0.097921 0.112839 
0.095547 0.066003 
0.177466 0.116172 
0.123048 0.112255 
0.132172 0.116713 
0.122089 0.122047 
0.151382 0.129673 
0.117464 0.113088 
0.175508 0.051127 
0.160549 0.115838 
0.126005 0.123297 
0.096838 0.118797 
0.116714 0.14109 
0.136465 0.149091 
0.096629 0.14584 
0.126797 0.050752 
0.118588 0.157882 
0.134673 0.152007 
0.130256 0.154965 
0.107921 0.142215 
0.124798 0.186925 
0.093963 0.046877 
0.136048 0.17605 
0.118256 0.143256 
0.121256 0.153549 
0.116339 0.15384 
0.117547 0.147132 
0.130297 0.151174 
0.09663 0.052835 
0.107588 0.141257 
0.124381 0.141006 
0.105714 0.14309 
0.107755 0.144798 
0.126423 0.143298 
0.123839 0.066003 
0.102047 0.143257 
0.153132 0.14109 
0.12584 0.15234 
0.152132 0.160007 
0.146673 0.153632 
0.150341 0.048586 
0.11613 0.192967 
0.127548 0.149924 
0.129464 0.141298 
0.207467 0.15709 
0.17055 0.15284 
0.125006 0.170091 
0.145423 0.14184 
0.161882 0.202885 
0.139798 0.143257 
0.173508 0.142465 
0.172342 0.143339 
0.149424 0.165632 
0.135298 0.048211 
0.142965 0.141465 
0.136672 0.153799 
0.128381 0.143631 
0.12788 0.137881 
0.118047 0.143965 
0.125672 0.050419 
0.153132 0.13809 
0.13434 0.160257 
0.142798 0.143839 
0.142798 0.146465 
0.103422 0.158382 
0.123463 0.191384 
0.14309 0.153674 
0.131631 0.050377 
0.136131 0.131672 
0.137673 0.169216 
0.10888 0.142132 
0.10888 0.057169 
0.149716 0.187217 
0.157757 0.177217 
0.148673 0.170716 
0.148673 0.19305 
0.148673 0.047085 
0.148673 0.172758 
0.148673 0.191092 
0.148673 0.191175 
0.148673 0.1938 
0.148673 0.17755 
0.148673 0.057794 
0.157674 0.176842 
0.157674 0.180758 
0.157674 0.051544 
0.157674 0.197759 
0.157674 0.053961 
0.157674 0.199384 
0.157674 0.229635 
0.157674 0.068045 
0.157674 0.184092 
0.157674 0.053252 
0.157674 0.1793 
0.157674 0.186216 
0.157674 0.055044 
0.157674 0.179716 
0.157674 0.7397 
0.157674 0.174674 
0.157674 0.050252 
0.157674 0.179842 
0.157674 0.171424 
0.157674 0.052044 
0.157674 0.1843 
0.157674 0.177217 
0.157674 0.173549 
0.157674 0.172966 
0.157674 0.055294 
0.157674 0.390976 
0.157674 0.182466 
0.157674 0.171216 
0.157674 0.157632 
0.157674 0.203884 
0.157674 0.195175 
0.157674 0.152757 
0.157674 0.155049 
0.157674 0.161465 
0.157674 0.097755 
0.157674 0.196925 
0.157674 0.202342 
0.157674 0.339973 
0.157674 0.231969 
0.157674 0.213135 
0.157674 0.228051 
0.157674 0.287221 
0.157674 0.303347 
0.157674 0.260845 
0.157674 0.401768 
0.157674 0.256929 
0.157674 0.357224 
0.157674 0.378183 
0.157674 0.361183 
0.157674 0.44177 
0.157674 0.45827 
0.157674 0.329223 
0.157674 0.337724 
0.157674 0.383976 
0.157674 0.341057 
0.157674 0.379184 
0.157674 0.586359 
0.157674 0.402852 
0.157674 0.252177 
0.157674 0.33539 
0.157674 0.326181 
0.157674 0.338432 
0.157674 1.11455 
0.157674 0.904915 
0.157674 0.986794 
0.157674 0.769617 
0.157674 0.810911 
0.157674 0.907207 
0.157674 0.768076 
0.157674 0.639028 
0.157674 0.789702 
0.157674 0.955293 
0.157674 1.0943 
0.157674 0.935584 
0.157674 1.03155 
0.157674 0.99096 
0.157674 0.738616 
0.157674 0.856038 
0.157674 0.833995 
0.157674 0.564901 
0.157674 0.631487 
0.157674 0.571651 
0.157674 0.596985 
0.157674 0.604194 
0.157674 0.570026 
0.157674 0.764868 
0.157674 0.542983 
0.157674 0.803744 
0.157674 0.743825 
0.157674 0.556941 
0.157674 0.724323 
0.157674 1.02109 
0.157674 0.968918 
0.157674 1.10076 
0.157674 1.04575 
0.157674 0.966709 
0.157674 0.89754 
0.157674 1.00254 
0.157674 0.917124 
0.157674 0.838579 
0.157674 0.9475 
0.157674 0.801452 
0.157674 0.323056 
0.157674 0.450353 
0.157674 0.430227 
0.157674 0.391975 
0.157674 0.244219 
0.157674 0.260053 
0.157674 0.255011 
0.157674 0.263095 
0.157674 0.347473 
0.157674 0.325431 
0.157674 0.306597 
0.157674 0.361682 
0.157674 0.328348 
0.157674 0.152799 
0.157674 0.179175 
0.157674 0.319931 
0.157674 0.300972 
0.157674 0.269678 
0.157674 0.189467 
0.157674 0.291304 
0.157674 1.71237 
0.157674 0.382891 
0.280387 0.1993 
0.26847 0.363099 
0.265178 0.348807 
0.26697 0.333431 
0.272221 0.272179 
0.333932 0.238677 
0.298305 3.1503 
0.310263 0.168674 
0.299888 0.200509 
0.265428 0.175716 
0.231677 0.093629 
0.273054 0.163882 
0.238386 0.140297 
0.252552 0.127839 
0.202176 0.13213 
0.23901 0.136089 
0.25647 0.055544 
0.226093 0.167633 
0.258678 0.190842 
0.298846 0.312013 
0.220843 0.283804 
0.277637 0.201592 
0.296888 0.354849 
0.297013 0.233219 
0.210759 0.241469 
0.22901 0.211925 
0.252053 0.218676 
0.22676 0.206675 
0.240469 0.242177 
0.245677 0.052419 
0.234927 0.212426 
0.245303 0.209134 
0.26522 0.202925 
0.25622 0.212134 
0.257012 0.215634 
0.206176 0.215134 
0.249511 0.059503 
0.296763 0.219342 
0.200092 0.24176 
0.206717 0.207009 
0.214343 0.216467 
0.227219 0.213926 
0.230885 0.065211 
0.222093 0.197467 
0.231594 0.207551 
0.254344 0.206426 
0.256845 0.219217 
0.256136 0.216218 
0.241761 0.217426 
0.231469 0.219009 
0.23001 0.215593 
0.260595 0.216717 
0.23051 0.217635 
0.256969 0.218968 
0.339015 0.236511 
0.298012 0.217884 
0.27322 0.054419 
0.232885 0.22351 
0.267012 0.223468 
0.22976 0.212426 
0.329431 0.219093 
0.271053 0.214634 
0.226176 0.052002 
0.255012 0.229177 
0.341765 0.237927 
0.272761 0.23501 
0.27372 0.239344 
0.278721 0.053461 
0.267929 0.217259 
0.251386 0.053586 
0.288679 0.229468 
0.298263 0.213342 
0.270762 0.219302 
0.265303 0.221968 
0.277637 0.054044 
0.313346 0.226301 
0.238135 0.216176 
0.287471 0.216301 
0.276054 0.216051 
0.280346 0.215343 
0.264553 0.214717 
0.282928 0.05642 
0.253761 0.231551 
0.249261 0.214676 
0.243593 0.225885 
0.292554 0.234843 
0.282512 0.216926 
0.247052 0.216717 
0.266928 0.214217 
0.265386 0.23501 
0.259636 0.216135 
0.296263 0.218884 
0.265554 0.217134 
0.270595 0.27372 
0.233094 0.054877 
0.296387 0.214384 
0.282762 0.246053 
0.251553 0.215968 
0.283887 0.217342 
0.230801 0.218135 
0.283513 0.226885 
0.280929 0.056169 
0.277512 0.215926 
0.240594 0.217301 
0.259303 0.215218 
0.245218 0.214884 
0.262178 0.232135 
0.266762 0.057294 
0.294429 0.215842 
0.320014 0.242927 
0.268303 0.229593 
0.276804 0.219426 
0.266345 0.229135 
0.266095 0.055753 
0.259177 0.213343 
0.237427 0.209093 
0.274386 0.228344 
0.294638 0.213801 
0.22751 0.215093 
0.234052 0.217092 
0.252011 0.051461 
0.269595 0.236927 
0.259636 0.220343 
0.259636 0.233051 
0.295388 0.234677 
0.27222 0.22851 
0.242719 0.250094 
0.256552 0.059586 
0.294096 0.237177 
0.280929 0.234135 
0.257802 0.215468 
0.264469 0.215176 
0.254761 0.219385 
0.267053 0.054252 
0.322597 0.232427 
0.301055 0.236802 
0.27922 0.215967 
0.266136 0.217968 
0.28922 0.214593 
0.231468 0.218301 
0.251011 0.053335 
0.298221 0.234719 
0.325805 0.238344 
0.277053 0.054253