# robot.pose.x robot.pose.y robot.pose.theta 
-1.74219 6.51624 -1.54345 
-1.65756 6.38289 -1.55596 
-1.64228 6.36683 -1.56079 
-1.60216 6.33335 -1.57126 
-1.64103 6.37327 -1.56397 
-1.60476 6.35849 -1.56435 
-1.62244 6.35193 -1.55733 
-1.64986 6.35874 -1.55801 
-1.60394 6.32794 -1.57552 
-1.60736 6.34316 -1.56666 
-1.67462 6.36735 -1.55727 
-1.6826 6.36816 -1.55699 
-1.6833 6.36374 -1.55777 
-1.66273 6.35178 -1.56592 
-1.63141 6.34999 -1.56943 
-1.63406 6.35292 -1.56176 
-1.61476 6.34329 -1.56274 
-1.63346 6.3509 -1.56345 
-1.63105 6.35271 -1.564 
-1.60841 6.34439 -1.57175 
-1.58967 6.32165 -1.57916 
-1.62343 6.35541 -1.56791 
-1.65307 6.36602 -1.55724 
-1.64897 6.35931 -1.55652 
-1.59879 6.34 -1.56546 
-1.59737 6.3519 -1.56992 
-1.60685 6.34099 -1.56465 
-1.58561 6.32175 -1.57817 
-1.6028 6.34233 -1.5675 
-1.6295 6.34827 -1.56433 
-1.62516 6.33306 -1.5705 
-1.62499 6.33305 -1.57066 
-1.65211 6.36193 -1.55732 
-1.63085 6.35169 -1.56329 
-1.63368 6.35457 -1.56353 
-1.62236 6.3506 -1.56654 
-1.62464 6.35466 -1.56626 
-1.60796 6.34453 -1.57186 
-1.60773 6.34442 -1.57197 
-1.61619 6.34379 -1.5682 
-1.62455 6.35214 -1.56618 
-1.60911 6.34266 -1.57119 
-1.59449 6.31573 -1.58037 
-1.6163 6.3472 -1.56878 
-1.61624 6.34722 -1.56883 
-1.62177 6.34614 -1.5678 
-1.60369 6.34085 -1.57174 
-1.59236 6.31847 -1.57839 
-1.6102 6.34561 -1.57171 
-1.63775 6.35409 -1.56217 
-1.62594 6.3303 -1.56947 
-1.5932 6.33254 -1.57785 
-1.59699 6.33662 -1.57797 
-1.60385 6.33042 -1.57363 
-1.62379 6.3478 -1.56584 
-1.62648 6.35088 -1.5656 
-1.61169 6.34254 -1.57061 
-1.61341 6.34065 -1.57129 
-1.61341 6.34066 -1.57131 
-1.61959 6.34132 -1.56777 
-1.61661 6.34458 -1.56987 
-1.62606 6.34734 -1.56611 
-1.62872 6.35035 -1.56576 
-1.5895 6.31614 -1.58351 
-1.60765 6.31459 -1.58023 
-1.62335 6.35511 -1.55625 
-1.60742 6.35289 -1.57592 
-1.5965 6.33686 -1.56984 
-1.59424 6.35509 -1.56151 
-1.61684 6.35049 -1.57048 
-1.59508 6.32893 -1.57683 
-1.63557 6.3581 -1.56299 
-1.6356 6.35817 -1.56299 
-1.60952 6.34493 -1.57124 
-1.59364 6.34717 -1.56621 
-1.60362 6.34299 -1.56231 
-1.62759 6.35269 -1.5663 
-1.61774 6.34694 -1.56937 
-1.62375 6.35002 -1.5678 
-1.61826 6.34864 -1.56839 
-1.61366 6.34064 -1.57062 
-1.60541 6.33735 -1.57269 
-1.60099 6.33359 -1.57564 
-1.6086 6.34181 -1.57094 
-1.60823 6.34117 -1.57098 
-1.61422 6.34869 -1.56972 
-1.60503 6.34934 -1.57376 
-1.60995 6.35001 -1.57201 
-1.63381 6.36393 -1.56361 
-1.62449 6.36008 -1.5615 
-1.637 6.36474 -1.56226 
-1.63639 6.36488 -1.56229 
-1.59692 6.35125 -1.57796 
-1.5988 6.35106 -1.56484 
-1.62548 6.36129 -1.56694 
-1.59884 6.34304 -1.57438 
-1.61585 6.35643 -1.56875 
-1.61583 6.35644 -1.56877 
-1.61785 6.35652 -1.56959 
-1.59839 6.34241 -1.57527 
-1.62244 6.35218 -1.56795 
-1.62981 6.36124 -1.56632 
-1.61745 6.36057 -1.56917 
-1.60634 6.34393 -1.57489 
-1.60635 6.34391 -1.57491 
-1.62328 6.35804 -1.56852 
-1.62956 6.36167 -1.56554 
-1.59751 6.34073 -1.57684 
-1.60683 6.3522 -1.56995 
-1.60862 6.34434 -1.57333 
-1.60866 6.34435 -1.57333 
-1.63946 6.35632 -1.56009 
-1.62039 6.35317 -1.56763 
-1.62247 6.35328 -1.56707 
-1.61826 6.35486 -1.56898 
-1.6016 6.34405 -1.57229 
-1.60158 6.34402 -1.57231 
-1.60964 6.34677 -1.57197 
-1.6154 6.35082 -1.57069 
-1.61908 6.35631 -1.5666 
-1.62432 6.35563 -1.5661 
-1.61153 6.35448 -1.57169 
-1.59934 6.34607 -1.57249 
-1.59929 6.34604 -1.57249 
-1.60309 6.33946 -1.57435 
-1.62814 6.35828 -1.56578 
-1.59047 6.33455 -1.57971 
-1.60257 6.35235 -1.5637 
-1.61371 6.35579 -1.56588 
-1.62436 6.35837 -1.56599 
-1.62298 6.35107 -1.56718 
-1.60889 6.34653 -1.5714 
-1.5873 6.32505 -1.5794 
-1.60594 6.34152 -1.57307 
-1.60153 6.33609 -1.57442 
-1.60929 6.35729 -1.56178 
-1.60916 6.3572 -1.56177 
-1.57486 6.33682 -1.57436 
-1.60926 6.34743 -1.56978 
-1.62286 6.35256 -1.56465 
-1.59803 6.34154 -1.57454 
-1.57299 6.33882 -1.57192 
-1.57182 6.3382 -1.57224 
-1.61494 6.35175 -1.56614 
-1.62746 6.35681 -1.55796 
-1.62238 6.35515 -1.56706 
-1.59102 6.33317 -1.57545 
-1.6373 6.363 -1.56147 
-1.64831 6.36138 -1.557 
-1.66725 6.36577 -1.55548 
-1.62537 6.35369 -1.5712 
-1.63098 6.3615 -1.5659 
-1.64225 6.35816 -1.56541 
-1.63902 6.36158 -1.56414 
-1.64552 6.35971 -1.56376 
-1.62668 6.35455 -1.56543 
-1.6323 6.36408 -1.56393 
-1.60445 6.35076 -1.57131 
-1.6268 6.35489 -1.56381 
-1.62053 6.35147 -1.56627 
-1.60561 6.34136 -1.57283 
-1.6058 6.35102 -1.57288 
-1.60581 6.35108 -1.57289 
-1.61033 6.34663 -1.56949 
-1.59863 6.33599 -1.57558 
-1.61349 6.34786 -1.57039 
-1.61905 6.34911 -1.5683 
-1.61381 6.34461 -1.57041 
-1.59906 6.33443 -1.57585 
-1.58478 6.32466 -1.57989 
-1.60974 6.31749 -1.57521 
-1.6096 6.32176 -1.57408 
-1.61578 6.32049 -1.57437 
-1.62414 6.33617 -1.57105 
-1.61386 6.35151 -1.56967 
-1.61384 6.35152 -1.56969 
-1.6092 6.34331 -1.57226 
-1.60866 6.35213 -1.56218 
-1.60774 6.33502 -1.57484 
-1.60665 6.34197 -1.57135 
-1.62109 6.3506 -1.56733 
-1.63179 6.35094 -1.56216 
-1.63171 6.35093 -1.56217 
-1.61583 6.34652 -1.56872 
-1.61453 6.34553 -1.57045 
-1.63143 6.34823 -1.56406 
-1.6299 6.3577 -1.56573 
-1.61213 6.34605 -1.57052 
-1.60378 6.34556 -1.57347 
-1.59073 6.3385 -1.57951 
-1.61514 6.34524 -1.56977 
-1.61809 6.34628 -1.56833 
-1.60345 6.34218 -1.57227 
-1.59205 6.34128 -1.56835 
-1.61197 6.34496 -1.57103 
-1.61193 6.34497 -1.57105 
-1.60108 6.33605 -1.57922 
-1.61385 6.3501 -1.55924 
-1.61374 6.34259 -1.56996 
-1.6242 6.35262 -1.56713 
-1.60822 6.34453 -1.57236 
-1.63171 6.35809 -1.56393 
-1.63172 6.35808 -1.56392 
-1.61791 6.3487 -1.5693 
-1.63977 6.35455 -1.56132 
-1.61271 6.34785 -1.57193 
-1.62131 6.35076 -1.568 
-1.6282 6.3542 -1.56524 
-1.62816 6.35421 -1.56524 
-1.62027 6.35102 -1.56866 
-1.60981 6.34456 -1.57113 
-1.6108 6.34406 -1.57142 
-1.63322 6.35562 -1.56333 
-1.60916 6.34767 -1.57314 
-1.60915 6.34766 -1.57315 
-1.5886 6.3459 -1.56832 
-1.60406 6.33981 -1.57281 
-1.62514 6.36164 -1.56281 
-1.63383 6.36075 -1.56236 
-1.6366 6.36039 -1.56045 
-1.61598 6.34817 -1.57013 
-1.61598 6.34818 -1.57013 
-1.6209 6.35239 -1.56612 
-1.61272 6.3405 -1.57151 
-1.59465 6.33619 -1.57696 
-1.5981 6.34958 -1.56464 
-1.62558 6.35893 -1.56501 
-1.61056 6.34659 -1.57097 
-1.58389 6.34296 -1.57028 
-1.61566 6.36073 -1.5593 
-1.6114 6.34565 -1.57098 
-1.61066 6.35725 -1.57236 
-1.61477 6.35089 -1.57154 
-1.61723 6.35704 -1.56694 
-1.60333 6.34865 -1.57455 
-1.60333 6.34865 -1.57456 
-1.61279 6.35654 -1.56893 
-1.61512 6.35312 -1.57009 
-1.62771 6.36305 -1.56566 
-1.62636 6.35639 -1.56503 
-1.58062 6.32727 -1.58067 
-1.56904 6.3249 -1.58055 
-1.60063 6.35541 -1.56461 
-1.57215 6.34957 -1.57253 
-1.57269 6.32423 -1.58159 
-1.58054 6.34678 -1.57156 
-1.59782 6.34724 -1.57361 
-1.59778 6.34723 -1.57363 
-1.61125 6.35572 -1.56522 
-1.63063 6.36556 -1.55898 
-1.61369 6.35606 -1.5697 
-1.61052 6.35245 -1.57238 
-1.60191 6.34154 -1.57467 
-1.6075 6.35485 -1.57081 
-1.6126 6.34912 -1.57096 
-1.6126 6.34913 -1.57096 
-1.62777 6.3588 -1.56547 
-1.61547 6.35413 -1.56768 
-1.63139 6.36648 -1.56393 
-1.61928 6.35856 -1.5685 
-1.61928 6.35858 -1.5685 
-1.61493 6.3531 -1.56993 
-1.63786 6.3627 -1.56097 
-1.6178 6.35733 -1.56738 
-1.62306 6.35732 -1.56616 
-1.62267 6.35678 -1.56542 
-1.60262 6.34035 -1.57313 
-1.60262 6.34036 -1.57313 
-1.60846 6.35004 -1.57183 
-1.59519 6.34071 -1.57805 
-1.61038 6.34841 -1.57123 
-1.60614 6.35822 -1.57287 
-1.61392 6.35266 -1.57325 
-1.61356 6.35155 -1.57171 
-1.61354 6.35155 -1.57173 
-1.61719 6.35824 -1.56807 
-1.5966 6.34447 -1.57756 
-1.59544 6.34667 -1.56577 
-1.58276 6.34369 -1.57008 
-1.59135 6.33482 -1.57762 
-1.59133 6.33481 -1.57763 
-1.60826 6.34628 -1.57205 
-1.61569 6.35259 -1.56963 
-1.61237 6.34846 -1.57083 
-1.63326 6.35977 -1.56247 
-1.6215 6.35509 -1.56714 
-1.6185 6.3517 -1.56796 
-1.61954 6.3554 -1.56854 
-1.63947 6.35966 -1.56168 
-1.62634 6.35395 -1.5656 
-1.63433 6.35527 -1.56258 
-1.62051 6.35224 -1.56565 
-1.60418 6.3207 -1.56882 
-1.61499 6.30309 -1.56351 
-1.61498 6.30309 -1.56351 
-1.60039 6.26118 -1.56688 
-1.59808 6.22163 -1.57795 
-1.60572 6.18132 -1.59147 
-1.62973 6.137 -1.63111 
-1.65965 6.08787 -1.6892 
-1.66108 6.08767 -1.68811 
-1.66749 6.02639 -1.76233 
-1.68418 5.96647 -1.83635 
-1.72718 5.92585 -1.90593 
-1.772 5.87779 -1.97461 
-1.792 5.82021 -2.05333 
-1.85519 5.79746 -2.11319 
-1.89692 5.80841 -2.10979 
-1.91726 5.75709 -2.17855 
-2.00339 5.74476 -2.23853 
-2.04398 5.69901 -2.3238 
-2.11899 5.67958 -2.39607 
-2.17798 5.63924 -2.46744 
-2.18244 5.65112 -2.46625 
-2.20396 5.59032 -2.53385 
-2.26263 5.5932 -2.56949 
-2.30819 5.57084 -2.60976 
-2.43365 5.58177 -2.63109 
-2.46705 5.54589 -2.67145 
-2.51034 5.52708 -2.69061 
-2.50559 5.52713 -2.69078 
-2.56822 5.49085 -2.71184 
-2.63649 5.47756 -2.72959 
-2.67023 5.45932 -2.73766 
-2.74602 5.44639 -2.73181 
-2.75668 5.4043 -2.75435 
-2.76661 5.41328 -2.74805 
-2.82577 5.40055 -2.75183 
-2.82424 5.40163 -2.75152 
-2.93018 5.3437 -2.7575 
-3.06689 5.33757 -2.74377 
-3.08099 5.3453 -2.74355 
-3.1839 5.30068 -2.73569 
-3.19354 5.28715 -2.75102 
-3.19152 5.29002 -2.75123 
-3.31725 5.2859 -2.74945 
-3.38076 5.23888 -2.75503 
-3.46756 5.21263 -2.75308 
-3.47094 5.21203 -2.75328 
-3.50421 5.20536 -2.75996 
-3.53518 5.15643 -2.76796 
-3.55868 5.1351 -2.77567 
-3.59276 5.13296 -2.78222 
-3.67362 5.12974 -2.77882 
-3.69149 5.10681 -2.77352 
-3.72065 5.08496 -2.77985 
-3.76448 5.07697 -2.7831 
-3.86208 5.07189 -2.77329 
-3.91222 5.01891 -2.77112 
-3.90585 5.00366 -2.7711 
-3.98545 4.95974 -2.77649 
-4.05746 5.00496 -2.77191 
-4.05362 4.97361 -2.76808 
-4.09474 4.95025 -2.77443 
-4.12064 4.91265 -2.78245 
-4.1836 4.89714 -2.77838 
-4.2522 4.86733 -2.77794 
-4.31228 4.86137 -2.77355 
-4.31229 4.86791 -2.77267 
-4.36923 4.85678 -2.77539 
-4.40307 4.80012 -2.77543 
-4.48197 4.78122 -2.7798 
-4.51416 4.75188 -2.78166 
-4.61038 4.74539 -2.77009 
-4.63729 4.73225 -2.7801 
-4.63566 4.72633 -2.7803 
-4.70756 4.68434 -2.7731 
-4.81165 4.69207 -2.76489 
-4.8097 4.66285 -2.77498 
-4.89849 4.64214 -2.76604 
-4.97434 4.6127 -2.76316 
-4.98832 4.57982 -2.77121 
-4.9762 4.56819 -2.77392 
-5.04624 4.55708 -2.76829 
-5.07033 4.51284 -2.77824 
-5.17019 4.52912 -2.76837 
-5.21302 4.47939 -2.77477 
-5.26017 4.46366 -2.77735 
-5.25739 4.46877 -2.77354 
-5.30529 4.44934 -2.77259 
-5.38267 4.42242 -2.77283 
-5.4412 4.40506 -2.77317 
-5.49491 4.38102 -2.77959 
-5.52332 4.35747 -2.77993 
-5.57628 4.33616 -2.78329 
-5.57614 4.33637 -2.78336 
-5.64852 4.33031 -2.78028 
-5.71624 4.31498 -2.7793 
-5.75727 4.28038 -2.77898 
-5.8298 4.25124 -2.77924 
-5.87097 4.2429 -2.77833 
-5.8686 4.23375 -2.77871 
-5.95976 4.22161 -2.76693 
-5.99488 4.19357 -2.77202 
-6.0461 4.16989 -2.77384 
-6.10322 4.14954 -2.77214 
-6.18671 4.13737 -2.76655 
-6.23151 4.14661 -2.77047 
-6.21878 4.12641 -2.77221 
-6.27091 4.12405 -2.78337 
-6.35352 4.07956 -2.77354 
-6.40011 4.0749 -2.76821 
-6.44546 4.04571 -2.7787 
-6.45408 4.00954 -2.77975 
-6.46068 4.00789 -2.78222 
-6.56761 3.97775 -2.7695 
-6.61127 3.96857 -2.77034 
-6.66636 3.93767 -2.77119 
-6.74048 3.93045 -2.76579 
-6.77789 3.91673 -2.771 
-6.84177 3.88983 -2.77481 
-6.83787 3.88451 -2.77521 
-6.89327 3.86325 -2.77501 
-6.93039 3.83269 -2.77922 
-6.99049 3.83625 -2.77113 
-7.04342 3.79894 -2.77844 
-7.11641 3.77098 -2.77347 
-7.17486 3.76612 -2.76975 
-7.1746 3.76748 -2.76983 
-7.17463 3.7675 -2.76986 
-7.30172 3.73629 -2.76962 
-7.34707 3.69983 -2.77229 
-7.38645 3.66708 -2.77761 
-7.45812 3.65905 -2.77437 
-7.45814 3.65884 -2.77442 
-7.51388 3.64364 -2.76955 
-7.56031 3.61037 -2.77355 
-7.62285 3.59485 -2.77391 
-7.68512 3.58572 -2.76852 
-7.72179 3.55324 -2.77423 
-7.78402 3.54158 -2.77553 
-7.78413 3.54183 -2.77553 
-7.82768 3.4951 -2.77712 
-7.90386 3.50102 -2.77058 
-7.95105 3.47765 -2.77379 
-8.00915 3.43933 -2.76742 
-8.05751 3.42206 -2.77014 
-8.05753 3.42214 -2.77015 
-8.11358 3.40487 -2.76706 
-8.17148 3.3649 -2.76815 
-8.22214 3.37085 -2.76092 
-8.29157 3.34357 -2.76345 
-8.33757 3.31682 -2.77373 
-8.39622 3.2953 -2.76624 
-8.39625 3.29526 -2.76625 
-8.45914 3.26899 -2.76848 
-8.51168 3.25716 -2.77524 
-8.55714 3.22721 -2.76702 
-8.60775 3.20073 -2.77201 
-8.67776 3.18189 -2.7648 
-8.67779 3.18196 -2.76479 
-8.73282 3.15309 -2.77101 
-8.78298 3.13301 -2.76519 
-8.8383 3.12949 -2.76262 
-8.89458 3.09616 -2.76897 
-8.94876 3.0736 -2.75911 
-9.01008 3.0472 -2.76695 
-9.00861 3.04633 -2.76725 
-9.06352 3.02008 -2.76914 
-9.11236 3.01228 -2.76957 
-9.18567 2.9949 -2.77218 
-9.22604 2.97189 -2.77267 
-9.28762 2.95214 -2.77422 
-9.33012 2.9066 -2.77655 
-9.32805 2.88825 -2.77976 
-9.39842 2.87783 -2.77226 
-9.44452 2.83853 -2.78227 
-9.49928 2.81995 -2.78045 
-9.83365 2.79114 -2.78061 
-9.81435 2.76593 -2.78285 
-9.8462 2.76327 -2.78449 
-9.9338 2.7523 -2.77704 
-9.98703 2.74408 -2.77196 
-10.0438 2.7339 -2.77386 
-10.0517 2.69538 -2.75276 
-10.0844 2.6996 -2.75189 
-10.1611 2.66651 -2.7688 
-10.213 2.64425 -2.75996 
-10.2132 2.64423 -2.75982 
-10.2955 2.61913 -2.75917 
-10.3985 2.56389 -2.75726 
-10.4664 2.53607 -2.77394 
-10.5024 2.53282 -2.75775 
-10.5037 2.53255 -2.75784 
-10.5837 2.5083 -2.77055 
-10.6333 2.49683 -2.77548 
-10.6864 2.47606 -2.78173 
-10.7669 2.46347 -2.79063 
-10.8342 2.43658 -2.7935 
-10.8339 2.43651 -2.79345 
-10.8555 2.39646 -2.78603 
-10.9438 2.38686 -2.79674 
-11.0007 2.36693 -2.80558 
-11.0359 2.35697 -2.80637 
-11.086 2.33731 -2.80324 
-11.1403 2.32148 -2.79791 
-11.161 2.31387 -2.79966 
-11.1812 2.31875 -2.78887 
-11.2255 2.28095 -2.78666 
-11.3039 2.28298 -2.78768 
-11.3473 2.25164 -2.79915 
-11.387 2.23118 -2.78457 
-11.3925 2.19964 -2.78843 
-11.4311 2.18275 -2.78717 
-11.4988 2.14788 -2.78804 
-11.5792 2.13962 -2.80353 
-11.6023 2.10884 -2.78723 
-11.687 2.08977 -2.79954 
-11.7148 2.06058 -2.78592 
-11.7107 2.07186 -2.78456 
-11.7849 2.04836 -2.78751 
-11.8419 2.02828 -2.78918 
-11.8824 2.01101 -2.78104 
-11.8824 2.01087 -2.78104 
-11.9916 1.95765 -2.78119 
-12.0186 1.95272 -2.76337 
-11.9949 1.95944 -2.76357 
-12.0517 1.95122 -2.76524 
-12.0645 1.96752 -2.7602 
-12.1466 1.94486 -2.756 
-12.205 1.92588 -2.76482 
-12.2967 1.89895 -2.76886 
-12.3075 1.88986 -2.75722 
-12.3074 1.88989 -2.75719 
-12.3483 1.86606 -2.75041 
-12.4583 1.8347 -2.75952 
-12.4413 1.82955 -2.73785 
-12.6003 1.77068 -2.76511 
-12.6006 1.77068 -2.76516 
-12.6229 1.75089 -2.75253 
-12.7074 1.6996 -2.76226 
-12.7379 1.67337 -2.7528 
-12.7568 1.6611 -2.7414 
-12.8743 1.6221 -2.75706 
-12.8956 1.61318 -2.74528 
-12.8958 1.61304 -2.74533 
-12.9712 1.58714 -2.75471 
-13.0134 1.55986 -2.75352 
-13.0632 1.5382 -2.75079 
-13.0616 1.53606 -2.73818 
-13.2062 1.49533 -2.76325 
-13.2064 1.49535 -2.7633 
-13.2317 1.47314 -2.75561 
-13.2473 1.45265 -2.74929 
-13.2526 1.44341 -2.73816 
-13.4087 1.4107 -2.75989 
-13.4258 1.39358 -2.74973 
-13.4259 1.39383 -2.74976 
-13.5523 1.34871 -2.76947 
-13.5956 1.32352 -2.76323 
-13.6249 1.29424 -2.75741 
-13.726 1.26139 -2.74957 
-13.7342 1.24437 -2.74812 
-13.7312 1.24291 -2.72196 
-13.7482 1.23644 -2.70863 
-13.7484 1.23619 -2.70868 
-13.8187 1.27619 -2.7148 
-13.895 1.26857 -2.72388 
-13.9306 1.25736 -2.71843 
-13.9946 1.22801 -2.72518 
-14.0604 1.20869 -2.70632 
-14.0948 1.17594 -2.69274 
-14.0952 1.17645 -2.69206 
-14.2053 1.1329 -2.69641 
-14.1665 1.10739 -2.66082 
-14.2833 1.09139 -2.65801 
-14.2973 1.04114 -2.64551 
-14.348 1.01634 -2.61931 
-14.3469 1.01638 -2.6194 
-14.4259 0.967258 -2.62555 
-14.4835 0.941075 -2.61303 
-14.513 0.90928 -2.59618 
-14.624 0.872252 -2.59026 
-14.6456 0.835415 -2.57814 
-14.6463 0.835306 -2.57818 
-14.6452 0.804511 -2.57179 
-14.737 0.775658 -2.53557 
-14.7758 0.721162 -2.50492 
-14.7804 0.687415 -2.47362 
-14.8765 0.609556 -2.46809 
-14.9391 0.570099 -2.4172 
-14.9409 0.567232 -2.4199 
-14.9269 0.503447 -2.37483 
-14.9822 0.413194 -2.33832 
-14.9672 0.326535 -2.26002 
-15.0461 0.29378 -2.1768 
-15.0573 0.193923 -2.11239 
-15.1029 0.328867 -2.02675 
-15.1124 0.317289 -2.02914 
-15.1333 0.271463 -1.97074 
-15.0843 0.238348 -1.8914 
-15.1046 0.149583 -1.819 
-15.0586 0.107634 -1.75222 
-15.1029 -0.144678 -1.70081 
-15.0997 -0.130504 -1.69818 
-15.1517 -0.182558 -1.64619 
-15.0777 -0.186701 -1.62259 
-15.0407 -0.266193 -1.60414 
-15.1301 -0.347307 -1.55164 
-15.0321 -0.293455 -1.54087 
-15.0211 -0.319438 -1.54693 
-15.1408 -0.3826 -1.51896 
-15.1758 -0.435881 -1.48819 
-15.1663 -0.487235 -1.46864 
-15.1504 -0.536038 -1.4706 
-15.1767 -0.614602 -1.43962 
-15.1434 -0.65967 -1.43282 
-15.1381 -0.708659 -1.4338 
-15.1314 -0.757186 -1.42977 
-15.1449 -0.808852 -1.39642 
-15.1071 -0.853576 -1.42186 
-15.1086 -0.903405 -1.40105 
-15.0884 -0.949121 -1.42163 
-15.0953 -0.999294 -1.40446 
-15.1 -0.870831 -1.41433 
-15.1097 -0.940956 -1.40872 
-15.0938 -0.98888 -1.41168 
-15.0502 -1.23007 -1.42514 
-15.0453 -1.33799 -1.4126 
-15.0382 -1.28028 -1.42593 
-15.0314 -1.29295 -1.43284 
-14.9295 -1.54235 -1.45988 
-14.9312 -1.44796 -1.45305 
-14.931 -1.49096 -1.44865 
-14.9223 -1.54128 -1.4452 
-14.946 -1.78967 -1.43922 
-14.8672 -1.91274 -1.4615 
-14.9383 -1.8558 -1.4335 
-14.8502 -1.88901 -1.47858 
-14.8846 -1.89366 -1.45402 
-14.864 -1.994 -1.45233 
-14.8358 -2.08099 -1.46409 
-14.8428 -2.08917 -1.45452 
-14.8422 -2.0862 -1.45418 
-14.8591 -2.14828 -1.41664 
-14.8215 -2.14814 -1.45682 
-14.7845 -2.24209 -1.46401 
-14.8315 -2.30093 -1.45189 
-14.8277 -2.3622 -1.44888 
-14.8924 -2.34661 -1.43903 
-14.8725 -2.36688 -1.45136 
-14.8724 -2.4308 -1.44689 
-14.8828 -2.57686 -1.43961 
-14.8414 -2.62454 -1.44408 
-14.811 -2.68956 -1.45176 
-14.8342 -2.70077 -1.42936 
-14.835 -2.69904 -1.42843 
-14.8168 -2.78252 -1.42854 
-14.8201 -2.82038 -1.40974 
-14.794 -2.9265 -1.42215 
-14.8316 -2.92063 -1.39775 
-14.7663 -2.96863 -1.43062 
-14.7801 -2.95465 -1.42939 
-14.7952 -2.94954 -1.42874 
-14.7405 -3.0607 -1.4273 
-14.7079 -3.18033 -1.42875 
-14.7932 -3.1698 -1.4013 
-14.76 -3.28066 -1.38647 
-14.6922 -3.34412 -1.42687 
-14.6975 -3.37303 -1.42022 
-14.6963 -3.41635 -1.41393 
-14.6917 -3.4029 -1.41876 
-14.6813 -3.50733 -1.40727 
-14.6576 -3.5896 -1.41429 
-14.6587 -3.56114 -1.4144 
-14.6593 -3.56122 -1.41435 
-14.6572 -3.65879 -1.41455 
-14.5597 -3.75981 -1.43919 
-14.5864 -3.76473 -1.44504 
-14.6104 -3.87177 -1.43775 
-14.6138 -3.92801 -1.4491 
-14.593 -3.96306 -1.45104 
-14.5961 -3.96196 -1.45073 
-14.6112 -4.00053 -1.45722 
-14.5787 -4.09522 -1.44631 
-14.5303 -4.17888 -1.43821 
-14.5348 -4.13926 -1.44178 
-14.5185 -4.18949 -1.42365 
-14.4743 -4.24167 -1.38907 
-14.4978 -4.26982 -1.39988 
-14.4856 -4.34617 -1.4037 
-14.4787 -4.37381 -1.39336 
-14.463 -4.42413 -1.37387 
-14.4313 -4.52709 -1.37011 
-14.3821 -4.58174 -1.34726 
-14.3797 -4.59016 -1.34781 
-14.4162 -4.6386 -1.31923 
-14.4187 -4.70534 -1.27247 
-14.3981 -4.74354 -1.2458 
-14.3943 -4.78368 -1.2057 
-14.3639 -4.87867 -1.1883 
-14.3384 -4.89255 -1.17661 
-14.3332 -4.88618 -1.17731 
-14.2857 -4.91621 -1.12784 
-14.2867 -4.98489 -1.11045 
-14.2087 -5.00573 -1.09505 
-14.2126 -5.07394 -1.09131 
-14.1518 -5.13628 -1.09024 
-14.1431 -5.15028 -1.08601 
-14.1179 -5.25042 -1.08124 
-14.1157 -5.24069 -1.06716 
-14.0406 -5.32498 -1.06285 
-13.999 -5.35414 -1.07561 
-14.0073 -5.41123 -1.03883 
-13.9229 -5.4694 -1.04871 
-13.9157 -5.51605 -1.07184 
-13.9269 -5.54243 -1.05392 
-13.8969 -5.5595 -1.05361 
-13.8324 -5.60381 -1.05654 
-13.8493 -5.66392 -1.04133 
-13.795 -5.73489 -1.04481 
-13.8031 -5.72771 -1.04641 
-13.8462 -5.78852 -1.02568 
-13.7847 -5.82381 -1.0343 
-13.8011 -5.85277 -1.04221 
-13.8293 -5.87964 -1.03052 
-13.8429 -5.88265 -1.02667 
-13.8958 -5.91041 -1.00417 
-13.8047 -6.01457 -0.992377 
-13.815 -6.01684 -0.990365 
-13.7107 -6.04736 -0.984824 
-13.6419 -6.0954 -0.968114 
-13.5958 -6.17795 -0.951831 
-13.5117 -6.19389 -0.937185 
-13.5087 -6.19865 -0.941365 
-13.4593 -6.2676 -0.929591 
-13.4559 -6.33486 -0.890933 
-13.3692 -6.3629 -0.882085 
-13.3673 -6.40612 -0.858336 
-13.2221 -6.41579 -0.855233 
-13.1325 -6.49142 -0.834588 
-13.1296 -6.51817 -0.836372 
-12.9619 -6.5312 -0.810574 
-12.941 -6.58349 -0.783162 
-12.8512 -6.54458 -0.750177 
-12.8478 -6.56281 -0.759699 
-12.7411 -6.69565 -0.674853 
-12.7009 -6.6433 -0.689831 
-12.756 -6.66727 -0.626136 
-12.7221 -6.71957 -0.594768 
-12.6236 -6.73425 -0.563555 
-12.3883 -6.78898 -0.576674 
-12.4942 -6.8043 -0.526533 
-12.4062 -6.8173 -0.511438 
-12.4052 -6.82621 -0.511138 
-12.4397 -6.8611 -0.453331 
-12.3827 -6.84631 -0.452481 
-12.329 -6.88859 -0.42409 
-12.2272 -6.89386 -0.430033 
-12.1941 -6.91175 -0.415825 
-12.1187 -6.93563 -0.414629 
-12.1085 -6.94107 -0.409426 
-12.0413 -6.94136 -0.406933 
-12.0661 -6.95624 -0.376126 
-11.9732 -6.98475 -0.388388 
-11.9034 -7.00667 -0.391787 
-11.855 -6.998 -0.386711 
-11.8539 -6.99634 -0.387103 
-11.7724 -7.01633 -0.394809 
-11.7483 -7.04936 -0.380381 
-11.6811 -7.07098 -0.391875 
-11.6614 -7.12742 -0.389899 
-11.7064 -7.16224 -0.366445 
-11.616 -7.19452 -0.378531 
-11.6163 -7.19469 -0.378468 
-11.5329 -7.19525 -0.383479 
-11.4377 -7.20676 -0.386833 
-11.3871 -7.22225 -0.380189 
-11.3913 -7.23217 -0.376345 
-11.34 -7.24154 -0.372977 
-11.2554 -7.27182 -0.377158 
-11.2061 -7.30214 -0.370965 
-11.1788 -7.31739 -0.363756 
-11.1465 -7.34793 -0.358002 
-11.0741 -7.36285 -0.352975 
-11.0263 -7.38393 -0.346864 
-10.9807 -7.41429 -0.342487 
-10.9799 -7.42053 -0.342964 
-10.9046 -7.42292 -0.346288 
-10.8204 -7.44556 -0.358185 
-10.7917 -7.45017 -0.350226 
-10.7179 -7.49762 -0.35345 
-10.6447 -7.5153 -0.357284 
-10.6446 -7.51545 -0.357323 
-10.5997 -7.52196 -0.35269 
-10.5592 -7.55804 -0.346624 
-10.5683 -7.56698 -0.33662 
-10.457 -7.57508 -0.322806 
-10.4343 -7.6192 -0.339333 
-10.4354 -7.61906 -0.341266 
-10.3329 -7.62951 -0.343577 
-10.2925 -7.65332 -0.340726 
-10.2149 -7.66633 -0.33531 
-10.1674 -7.6931 -0.326199 
-10.1618 -7.73652 -0.320078 
-10.0873 -7.73601 -0.331708 
-10.0105 -7.73902 -0.33484 
-10.0102 -7.73985 -0.33493 
-9.9686 -7.7586 -0.33283 
-9.98361 -7.78834 -0.308835 
-9.97977 -7.77465 -0.318907 
-9.97526 -7.80363 -0.305918 
-9.94145 -7.77501 -0.316248 
-9.94138 -7.77571 -0.316252 
-9.97193 -7.83131 -0.302423 
-9.95201 -7.76691 -0.31426 
-9.96315 -7.79066 -0.307179 
-9.9479 -7.77652 -0.317445 
-9.96839 -7.80337 -0.304708 
-9.90213 -7.74787 -0.336987 
-9.91332 -7.75476 -0.332785 
-9.91914 -7.75799 -0.325221 
-9.93918 -7.77579 -0.314894 
-9.92067 -7.76461 -0.324404 
-9.96029 -7.76403 -0.314869 
-9.95161 -7.77797 -0.305652 
-9.95216 -7.77729 -0.305888 
-9.9665 -7.79487 -0.307707 
-9.91783 -7.76029 -0.327427 
-9.92658 -7.75755 -0.320542 
-9.94627 -7.77562 -0.318104 
-9.94851 -7.78071 -0.315196 
-9.94848 -7.7807 -0.315214 
-9.93514 -7.76843 -0.320656 
-9.96885 -7.79525 -0.308668 
-9.93827 -7.76532 -0.319557 
-9.96349 -7.79994 -0.306778 
-9.93524 -7.76843 -0.319153 
-9.93709 -7.78387 -0.315723 
-9.93704 -7.7839 -0.315737 
-9.93711 -7.7845 -0.310537 
-9.93553 -7.77581 -0.32027 
-9.95303 -7.78296 -0.313312 
-9.92956 -7.76633 -0.320076 
-9.95461 -7.78767 -0.30975 
-9.95638 -7.78668 -0.309926 
-9.9564 -7.78662 -0.30992 
